bin_idx,subclass,x_center,x_length,y_center,y_length,z_center,z_length,z_rotation,confidence_score
000013.pcd,VRU_Adult_Using_Non-Motorized_Device/Prop_Other,22.95332073030018,0.97,-25.337097349621008,1.56,-3.029904496102106,1.68,-154.53499614995366,0.4679282605648041
000013.pcd,VRU_Adult,11.335727146693642,0.83,1.502248261656079,0.75,-3.2677335739135738,1.59,-10.215646937105593,0.46788671612739563
000014.pcd,VRU_Adult_Using_Non-Motorized_Device/Prop_Other,22.92948884230394,0.97,-25.373268861037037,1.56,-2.9844379241649923,1.68,-145.26250813079398,0.6003021001815796
000014.pcd,VRU_Adult,11.3068136735396,0.83,1.4938291094519875,0.75,-3.2480235750024957,1.59,-17.23185588414231,0.43657568097114563
000014.pcd,VRU_Adult_Using_Non-Motorized_Device/Prop_Other,22.92948884230394,0.97,-25.373268861037033,1.56,-2.9844379241649914,1.68,-145.2625081307947,0.5293976068496704
000015.pcd,VRU_Adult,11.333090373447968,0.83,1.4977132678031901,0.75,-3.2929433073316297,1.59,-14.223883667824545,0.44190534949302673
000015.pcd,VRU_Adult_Using_Non-Motorized_Device/Prop_Other,22.916666126251222,0.97,-25.438194131851198,1.56,-3.015500617027283,1.68,-140.27972798513534,0.39329490065574646
000016.pcd,VRU_Adult,11.36510626475017,0.83,1.488731135924655,0.75,-3.2541619936625157,1.59,-8.532648603184876,0.37722665071487427
000016.pcd,VRU_Adult_Using_Non-Motorized_Device/Prop_Other,22.899699529012047,0.97,-25.48558494022915,1.56,-3.024733798844474,1.68,-139.36678177985405,0.32633742690086365
000017.pcd,VRU_Adult_Using_Non-Motorized_Device/Prop_Other,22.880379016582786,0.97,-25.54195888225849,1.56,-2.99323531297537,1.68,-140.33302602153285,0.5611063838005066
000017.pcd,VRU_Adult,11.321960816016569,0.83,1.4992711085539598,0.75,-3.238242956308217,1.59,-16.380787431019023,0.4341639578342438
000017.pcd,VRU_Adult_Using_Non-Motorized_Device/Prop_Other,22.880379016582783,0.97,-25.541958882258488,1.56,-2.9932353129753695,1.68,-140.33302602153074,0.5655383467674255
000018.pcd,VRU_Adult_Using_Non-Motorized_Device/Prop_Other,22.84834133050381,0.97,-25.59322259364984,1.56,-3.0590663445301547,1.68,-149.81039784451934,0.403083860874176
000018.pcd,VRU_Adult,11.311490503946946,0.83,1.50735154946645,0.75,-3.3215885798136386,1.59,-15.975139476831536,0.39388716220855713
000018.pcd,VRU_Adult_Using_Non-Motorized_Device/Prop_Other,22.848341330503807,0.97,-25.59322259364984,1.56,-3.0590663445301542,1.68,-149.81039784451968,0.5597687363624573
000019.pcd,VRU_Adult,11.294238350608136,0.83,1.519638700918719,0.75,-3.2097381895238697,1.59,-20.99968176129577,0.4559984803199768
000019.pcd,VRU_Adult_Using_Non-Motorized_Device/Prop_Other,22.79714514079847,0.97,-25.63650347057142,1.56,-3.028616604052092,1.68,-155.2848128012909,0.39849191904067993
000019.pcd,VRU_Adult_Using_Non-Motorized_Device/Prop_Other,22.79714514079847,0.97,-25.636503470571416,1.56,-3.028616604052091,1.68,-155.28481280129049,0.562049150466919
000020.pcd,VRU_Adult,11.298211317795978,0.83,1.511623217509342,0.75,-3.3069079839266253,1.59,-16.469008086670815,0.44582226872444153
000020.pcd,VRU_Adult_Using_Non-Motorized_Device/Prop_Other,22.72871291637421,0.97,-25.720099151134495,1.56,-2.9484643340110783,1.68,-137.5802683619841,0.43370726704597473
000020.pcd,VRU_Adult_Using_Non-Motorized_Device/Prop_Other,22.728712916374207,0.97,-25.72009915113449,1.56,-2.948464334011077,1.68,-137.58026836198334,0.5458164215087891
000021.pcd,VRU_Adult,11.31030670801799,0.83,1.5005399286746954,0.75,-3.2483244140942884,1.59,-20.922068834167877,0.4441758692264557
000021.pcd,VRU_Adult_Using_Non-Motorized_Device/Prop_Other,22.718936549292675,0.97,-25.735798570844864,1.56,-2.8860591053962708,1.68,-168.0735102449903,0.3191538155078888
000022.pcd,VRU_Adult,11.286223778357877,0.83,1.5294807324042676,0.75,-3.3036132409022394,1.59,-15.351477361032114,0.5430513024330139
000022.pcd,VRU_Adult_Using_Non-Motorized_Device/Prop_Other,22.684998830159508,0.97,-25.817912283397856,1.56,-2.8747602587654475,1.68,-116.36651060068337,0.35515791177749634
000023.pcd,VRU_Adult,11.30964573224386,0.83,1.4978171189626046,0.75,-3.246141672134399,1.59,-19.18788986131963,0.5168115496635437
000023.pcd,VRU_Adult_Using_Non-Motorized_Device/Prop_Other,22.645620028177902,0.97,-25.876786613464358,1.56,-2.95882461865743,1.68,-134.354561522427,0.44598695635795593
000023.pcd,VRU_Adult_Using_Non-Motorized_Device/Prop_Other,22.6456200281779,0.97,-25.876786613464354,1.56,-2.9588246186574296,1.68,-134.3545615224264,0.544792890548706
000024.pcd,VRU_Adult,11.317657544062692,0.83,1.5080043535966108,0.75,-3.322085013756384,1.59,-13.24174171384507,0.4852959215641022
000024.pcd,VRU_Adult_Using_Non-Motorized_Device/Prop_Other,22.564788330432982,0.97,-26.00276481273563,1.56,-2.991227976111479,1.68,-138.2802058370955,0.41716235876083374
000025.pcd,VRU_Adult_Using_Non-Motorized_Device/Prop_Other,22.570208427233574,0.97,-26.053279876708988,1.56,-3.0502707041226906,1.68,-136.88298893427338,0.5298840999603271
000025.pcd,VRU_Adult,11.30974784264198,0.83,1.5046104559531568,0.75,-3.266303667655357,1.59,-19.778473227267273,0.4866379201412201
000026.pcd,VRU_Adult,11.32502961158753,0.83,1.4878810644149756,0.75,-3.247753818829853,1.59,-19.985836922689593,0.5255676507949829
000026.pcd,VRU_Adult_Using_Non-Motorized_Device/Prop_Other,22.53851295239998,0.97,-26.133571162368316,1.56,-3.0881687944585625,1.68,-136.3948582694703,0.4651879668235779
000027.pcd,VRU_Adult_Using_Non-Motorized_Device/Prop_Other,22.573992327639935,0.97,-26.170858684339024,1.56,-2.994236713961551,1.68,-135.7747418381667,0.4771116077899933
000027.pcd,VRU_Adult,11.311116559164871,0.83,1.507994226046971,0.75,-3.269875441278729,1.59,-13.000225735752739,0.4679206907749176
000027.pcd,VRU_Adult_Using_Non-Motorized_Device/Prop_Other,22.57399232763993,0.97,-26.17085868433902,1.56,-2.9942367139615507,1.68,-135.7747418381663,0.6357914805412292
000028.pcd,VRU_Adult,11.31901955604554,0.83,1.486530303955077,0.75,-3.273881395657856,1.59,-15.960264981934095,0.48031026124954224
000028.pcd,VRU_Adult_Using_Non-Motorized_Device/Prop_Other,22.51222260053768,0.97,-26.250758858614194,1.56,-3.0563663826432337,1.68,-136.6793097610305,0.4049268960952759
000028.pcd,VRU_Adult_Using_Non-Motorized_Device/Prop_Other,22.512222600537676,0.97,-26.25075885861419,1.56,-3.0563663826432332,1.68,-136.6793097610307,0.5976982116699219
000029.pcd,VRU_Adult,11.326490879058845,0.83,1.4764443437258368,0.75,-3.2489388585090624,1.59,-18.293685998234764,0.4696943759918213
000029.pcd,VRU_Adult_Using_Non-Motorized_Device/Prop_Other,22.532290759839512,0.97,-26.310633809942953,1.56,-2.9797681632794832,1.68,-139.9552191740729,0.40355074405670166
000029.pcd,VRU_Adult_Using_Non-Motorized_Device/Prop_Other,22.53229075983951,0.97,-26.31063380994295,1.56,-2.979768163279483,1.68,-139.95521917407316,0.5933224558830261
000030.pcd,VRU_Adult,11.317127081064084,0.83,1.5082961045778693,0.75,-3.3420765216533947,1.59,-13.904412982395453,0.4497085213661194
000030.pcd,VRU_Adult_Using_Non-Motorized_Device/Prop_Other,22.478423242983617,0.97,-26.392483794170882,1.56,-2.999181902926901,1.68,-131.61359673475124,0.3883562386035919
000030.pcd,VRU_Adult_Using_Non-Motorized_Device/Prop_Other,22.478423242983617,0.97,-26.39248379417088,1.56,-2.9991819029269005,1.68,-131.61359673475116,0.6026004552841187
000031.pcd,VRU_Adult,11.341424161737619,0.83,1.4689418619329266,0.75,-3.256236488168888,1.59,-16.054819571894573,0.436822772026062
000031.pcd,VRU_Adult_Using_Non-Motorized_Device/Prop_Other,22.444900157839754,0.97,-26.443104677422106,1.56,-3.019562654717024,1.68,-128.84720721791402,0.35245007276535034
000031.pcd,VRU_Adult_Using_Non-Motorized_Device/Prop_Other,22.444900157839754,0.97,-26.443104677422102,1.56,-3.0195626547170233,1.68,-128.8472072179145,0.6086365580558777
000032.pcd,VRU_Adult_Using_Non-Motorized_Device/Prop_Other,22.44417603071346,0.97,-26.47409164073856,1.56,-3.0133335867593454,1.68,-127.44210121925101,0.6355764865875244
000032.pcd,VRU_Adult,11.31408564249675,0.83,1.5018392105897245,0.75,-3.271784206231434,1.59,-15.829083483982501,0.4476565718650818
000032.pcd,VRU_Adult_Using_Non-Motorized_Device/Prop_Other,22.44417603071346,0.97,-26.474091640738553,1.56,-3.013333586759345,1.68,-127.44210121925155,0.5884395241737366
000033.pcd,VRU_Adult_Using_Non-Motorized_Device/Prop_Other,22.427339513251127,0.97,-26.52830566243923,1.56,-2.987752483246174,1.68,-119.47281574909672,0.6522598266601562
000033.pcd,VRU_Adult,11.328133509709287,0.83,1.4898580404428325,0.75,-3.27532936976506,1.59,-11.447346367176042,0.40648576617240906
000034.pcd,VRU_Adult_Using_Non-Motorized_Device/Prop_Other,22.37845711481004,0.97,-26.647602444603336,1.56,-3.0835718540918258,1.68,-117.02377259275724,0.7472435235977173
000034.pcd,VRU_Adult,11.350979718295013,0.83,1.4747891751202644,0.75,-3.2530174905603575,1.59,-15.795996519419461,0.518531084060669
000034.pcd,VRU_Adult_Using_Non-Motorized_Device/Prop_Other,22.378457114810036,0.97,-26.64760244460333,1.56,-3.0835718540918253,1.68,-117.02377259275755,0.6304075121879578
000035.pcd,VRU_Adult_Using_Non-Motorized_Device/Prop_Other,22.36755267056552,0.97,-26.65612870996649,1.56,-3.0294277884743432,1.68,-116.63226977077565,0.5886359214782715
000035.pcd,VRU_Adult,11.331539710362756,0.83,1.4985637764135997,0.75,-3.2852865060170484,1.59,-9.585831536646317,0.5286710262298584
000036.pcd,VRU_Adult_Using_Non-Motorized_Device/Prop_Other,22.353822749593988,0.97,-26.742858306221343,1.56,-3.0620544682378354,1.68,-114.61230455522926,0.5701442956924438
000036.pcd,VRU_Adult,11.331152836481735,0.83,1.488586624463398,0.75,-3.243124504884083,1.59,-14.862787156844764,0.4992537200450897
000036.pcd,VRU_Adult_Using_Non-Motorized_Device/Prop_Other,22.353822749593988,0.97,-26.74285830622134,1.56,-3.062054468237834,1.68,-114.61230455522872,0.6017998456954956
000037.pcd,VRU_Adult,11.300888061523441,0.83,1.4937513130051738,0.75,-3.2191288300922927,1.59,-20.38403667139495,0.5208855867385864
000037.pcd,VRU_Adult_Using_Non-Motorized_Device/Prop_Other,22.365153078762994,0.97,-26.802258401546844,1.56,-3.0173589823380955,1.68,-107.70041117537542,0.4355719983577728
000037.pcd,VRU_Adult_Using_Non-Motorized_Device/Prop_Other,22.365153078762994,0.97,-26.802258401546837,1.56,-3.017358982338095,1.68,-107.7004111753748,0.6208733916282654
000038.pcd,VRU_Adult,11.300867007328918,0.83,1.517633951627289,0.75,-3.3053494233351475,1.59,-15.958172506364125,0.5089309215545654
000038.pcd,VRU_Adult_Using_Non-Motorized_Device/Prop_Other,22.347086410522465,0.97,-26.871702995300296,1.56,-3.0262217473983766,1.68,-112.55520141678295,0.3521493077278137
000038.pcd,VRU_Adult_Using_Non-Motorized_Device/Prop_Other,22.34708641052246,0.97,-26.871702995300293,1.56,-3.0262217473983757,1.68,-112.5552014167829,0.6051779389381409
000039.pcd,VRU_Adult_Using_Non-Motorized_Device/Prop_Other,22.3168366010799,0.97,-27.035360336303714,1.56,-3.108850312787433,1.68,-112.33892461098176,0.529382050037384
000039.pcd,VRU_Adult,11.327987964336693,0.83,1.4837949459369333,0.75,-3.240570967014018,1.59,-17.863300555919444,0.4993215501308441
000039.pcd,VRU_Adult_Using_Non-Motorized_Device/Prop_Other,22.3168366010799,0.97,-27.03536033630371,1.56,-3.108850312787433,1.68,-112.33892461098262,0.5887998938560486
000040.pcd,VRU_Adult,11.333230898930482,0.83,1.5035349130630482,0.75,-3.2753844627967235,1.59,-13.056205099330025,0.49834147095680237
000040.pcd,VRU_Adult_Using_Non-Motorized_Device/Prop_Other,22.350714430517083,0.97,-27.07240692450076,1.56,-3.0832385432963467,1.68,-119.53588865384938,0.4420717656612396
000040.pcd,VRU_Adult_Using_Non-Motorized_Device/Prop_Other,22.35071443051708,0.97,-27.072406924500758,1.56,-3.0832385432963463,1.68,-119.53588865384975,0.6042720079421997
000041.pcd,VRU_Adult,11.326073964436853,0.83,1.4910578032334645,0.75,-3.2741824388504024,1.59,-14.964007981071,0.533860981464386
000041.pcd,VRU_Adult_Using_Non-Motorized_Device/Prop_Other,22.354215921140188,0.97,-27.11395738639084,1.56,-3.056625352186315,1.68,-109.46178126638242,0.4171677231788635
000041.pcd,VRU_Adult_Using_Non-Motorized_Device/Prop_Other,22.354215921140185,0.97,-27.113957386390837,1.56,-3.0566253521863147,1.68,-109.46178126638219,0.643526554107666
000042.pcd,VRU_Adult,11.324974793654226,0.83,1.5087679349459113,0.75,-3.276848646310659,1.59,-13.223607007018973,0.4919188916683197
000042.pcd,VRU_Adult_Using_Non-Motorized_Device/Prop_Other,22.369279494652385,0.97,-27.16654982933631,1.56,-3.0361239405778733,1.68,-111.8994554588318,0.5580875873565674
000043.pcd,VRU_Adult,11.355245494842531,0.83,1.4777312755584702,0.75,-3.2613010406494127,1.59,-15.3867909739968,0.4811972677707672
000043.pcd,VRU_Adult_Using_Non-Motorized_Device/Prop_Other,22.352638071233578,0.97,-27.232071703130547,1.56,-3.041142512451519,1.68,-102.71332789343037,0.38264065980911255
000043.pcd,VRU_Adult_Using_Non-Motorized_Device/Prop_Other,22.352638071233578,0.97,-27.232071703130547,1.56,-3.041142512451518,1.68,-102.71332789343066,0.579666256904602
000044.pcd,VRU_Adult,11.30643108912877,0.83,1.5113756145749764,0.75,-3.3289445468357615,1.59,-14.619672607318446,0.5246314406394958
000044.pcd,VRU_Adult_Using_Non-Motorized_Device/Prop_Other,22.3289118025038,0.97,-27.305430560641824,1.56,-3.071895392735799,1.68,-118.15340874424399,0.4510125517845154
000044.pcd,VRU_Adult_Using_Non-Motorized_Device/Prop_Other,22.34918347272006,0.97,-27.28795233639804,1.56,-3.055243172428824,1.68,-104.72013773565445,0.5291972160339355
000045.pcd,VRU_Adult_Using_Non-Motorized_Device/Prop_Other,22.311943472885506,0.97,-27.368157037874553,1.56,-3.0174799837717194,1.68,-107.10364361038421,0.49489855766296387
000045.pcd,VRU_Adult,11.34779886765914,0.83,1.4702555808154008,0.75,-3.2561774687333536,1.59,-16.421876232611396,0.4646075367927551
000046.pcd,VRU_Adult_Using_Non-Motorized_Device/Prop_Other,22.283290982246402,0.97,-27.463306069374088,1.56,-3.0636401176452637,1.68,-105.38696745861048,0.5010101795196533
000046.pcd,VRU_Adult,11.305972235543393,0.83,1.5132813113076327,0.75,-3.3288135017667493,1.59,-14.935648056400446,0.48902004957199097
000046.pcd,VRU_Adult_Using_Non-Motorized_Device/Prop_Other,22.297417759895325,0.97,-27.44555989901225,1.56,-3.0617909580469127,1.68,-100.61998809383999,0.5011855363845825
000047.pcd,VRU_Adult_Using_Non-Motorized_Device/Prop_Other,22.25703872518337,0.97,-27.517368235486625,1.56,-3.049194949738523,1.68,-103.89587767896572,0.5829588770866394
000047.pcd,VRU_Adult,11.361047458648684,0.83,1.4739405274391175,0.75,-3.2630440235137934,1.59,-16.23690283660023,0.49485355615615845
000048.pcd,VRU_Adult_Using_Non-Motorized_Device/Prop_Other,22.26642044554366,0.97,-27.55433070406001,1.56,-3.0539341327991893,1.68,-91.7236070861253,0.5559669733047485
000048.pcd,VRU_Adult,11.331581036249803,0.83,1.498047997554141,0.75,-3.2863435149192797,1.59,-10.88470242082019,0.5328242182731628
000049.pcd,VRU_Adult,11.318908373514814,0.83,1.4933911859989166,0.75,-3.2721251447995496,1.59,-14.975059286694435,0.5492717027664185
000049.pcd,VRU_Adult_Using_Non-Motorized_Device/Prop_Other,22.240752055727206,0.97,-27.640138231474783,1.56,-3.0640323408718766,1.68,-99.87638417109645,0.5165793895721436
000050.pcd,VRU_Adult,11.321746031443283,0.83,1.49914620320002,0.75,-3.2457565267880746,1.59,-20.722305776422356,0.5860315561294556
000050.pcd,VRU_Adult_Using_Non-Motorized_Device/Prop_Other,22.24129156972848,0.97,-27.710617626414585,1.56,-3.1124610152899055,1.68,-94.87506676619995,0.4932129979133606
000051.pcd,VRU_Adult,11.360018556768248,0.83,1.4835661758076062,0.75,-3.2970706549557764,1.59,-10.804981807249167,0.6038128137588501
000051.pcd,VRU_Adult_Using_Non-Motorized_Device/Prop_Other,22.259748687744146,0.97,-27.748986244201664,1.56,-3.088534502983094,1.68,-89.89934395650084,0.4260132312774658
000052.pcd,VRU_Adult,11.311807155609134,0.83,1.5059147306850977,0.75,-3.297921895980834,1.59,-16.737247315822547,0.4527910053730011
000052.pcd,VRU_Adult_Using_Non-Motorized_Device/Prop_Other,22.3004130935669,0.97,-27.749282112121588,1.56,-3.057292790412903,1.68,-55.185039274574265,0.4490135610103607
000053.pcd,VRU_Adult,11.319073359171556,0.83,1.4906336665153457,0.75,-3.273290435473123,1.59,-16.788799750253908,0.470277339220047
000053.pcd,VRU_Adult_Using_Non-Motorized_Device/Prop_Other,22.29310158320836,0.97,-27.859555244445804,1.56,-3.0870820794786726,1.68,-117.60163671067866,0.40830692648887634
000054.pcd,VRU_Adult,11.331422112204814,0.83,1.4908547509800278,0.75,-3.2575619654221963,1.59,-22.35952776608061,0.499879390001297
000054.pcd,VRU_Adult_Using_Non-Motorized_Device/Prop_Other,22.32077369689942,0.97,-27.79601449966431,1.56,-3.0336644331614178,1.68,-68.94494781504503,0.337179571390152
000055.pcd,VRU_Adult,11.305756788987384,0.83,1.504184640370877,0.75,-3.3061812290778514,1.59,-15.27250412071368,0.514363169670105
000055.pcd,VRU_Adult_Using_Non-Motorized_Device/Prop_Other,22.368492529942444,0.97,-27.803188690772426,1.56,-3.0705653795829186,1.68,-85.04313408540438,0.3422175645828247
000056.pcd,VRU_Adult,11.34118236194958,0.83,1.4866497516632067,0.75,-3.2572233243422066,1.59,-21.90714101698326,0.5432654619216919
000056.pcd,VRU_Adult_Using_Non-Motorized_Device/Prop_Other,22.37037503442099,0.97,-27.898561788159753,1.56,-3.0701624681783275,1.68,-104.9271795873625,0.382270485162735
000057.pcd,VRU_Adult,11.311389336219206,0.83,1.5025628805160511,0.75,-3.305430742410512,1.59,-14.110418471839559,0.6306988596916199
000057.pcd,VRU_Adult_Using_Non-Motorized_Device/Prop_Other,22.406944621693004,0.97,-27.811271494085137,1.56,-2.965031672607768,1.68,-110.68085822797451,0.4343228042125702
000058.pcd,VRU_Adult,11.342939030040398,0.83,1.488199873404068,0.75,-3.251711802049116,1.59,-18.58842119797251,0.6276822686195374
000058.pcd,VRU_Adult_Using_Non-Motorized_Device/Prop_Other,22.40837957344803,0.97,-27.847303764492864,1.56,-2.9922393911025096,1.68,-148.62514833302032,0.39622411131858826
000059.pcd,VRU_Adult,11.317957584674547,0.83,1.483532382891725,0.75,-3.2243414475367613,1.59,-20.64289655223851,0.5846972465515137
000059.pcd,VRU_Adult_Using_Non-Motorized_Device/Prop_Other,22.41788022111102,0.97,-27.86983541163003,1.56,-3.0261652644087627,1.68,-115.08687958931492,0.30221807956695557
000059.pcd,VRU_Adult_Using_Non-Motorized_Device/Prop_Other,22.470275229596076,0.97,-27.840597964347676,1.56,-3.055415899195569,1.68,-132.18991643326686,0.6358784437179565
000060.pcd,VRU_Adult,11.310633806081926,0.83,1.5143526425728409,0.75,-3.3060480814713693,1.59,-15.728148528885594,0.590880274772644
000061.pcd,VRU_Adult,11.348914840004666,0.83,1.480281591415404,0.75,-3.2546602379192,1.59,-19.365062565044568,0.5614197254180908
000062.pcd,VRU_Adult,11.309275480417112,0.83,1.513189306625951,0.75,-3.305448146966787,1.59,-15.50753388706799,0.601085901260376
000062.pcd,VRU_Adult_Using_Bicycle,22.460835005107683,0.89,-27.9297406547948,1.53,-3.019867821743614,1.38,-153.9082254679537,0.32683277130126953
000062.pcd,VRU_Adult_Using_Non-Motorized_Device/Prop_Other,22.47977669174607,0.97,-27.91949864980337,1.56,-2.99753805753347,1.68,-168.89170260402628,0.5004681348800659
000063.pcd,VRU_Adult,11.359504858652755,0.83,1.4753600855668374,0.75,-3.2896467248598724,1.59,-10.10387113916969,0.5660379528999329
000063.pcd,VRU_Adult_Using_Bicycle,22.464918045770556,0.89,-27.978553771972663,1.53,-2.997875968615214,1.38,161.00087672433858,0.3257540464401245
000064.pcd,VRU_Adult,11.338466557589445,0.83,1.4882765466516643,0.75,-3.25635587085377,1.59,-21.301152211708022,0.5625495910644531
000064.pcd,VRU_Adult_Using_Bicycle,22.472430788237478,0.89,-28.001856902550006,1.53,-2.966734244905668,1.38,166.16300424700796,0.36371785402297974
000065.pcd,VRU_Adult,11.346687837080527,0.83,1.49013234268535,0.75,-3.251738309860228,1.59,-16.389711547634978,0.5480727553367615
000065.pcd,VRU_Adult_Using_Bicycle,22.455446416681465,0.89,-28.01679027441776,1.53,-3.0911293896761802,1.38,178.1013298239678,0.30833548307418823
000066.pcd,VRU_Adult,11.316368616544288,0.83,1.5029729879819418,0.75,-3.3075333191798277,1.59,-14.61850295669365,0.5899744033813477
000066.pcd,VRU_Adult_Using_Non-Motorized_Device/Prop_Other,22.492083000414304,0.97,-28.047645453250773,1.56,-3.1156218268654565,1.68,158.9128520888999,0.4501964747905731
000067.pcd,VRU_Adult,11.32385118802389,0.83,1.500233838955559,0.75,-3.227668265501657,1.59,-21.096322768501068,0.6274783611297607
000067.pcd,VRU_Adult_Using_Non-Motorized_Device/Prop_Other,22.358974202473963,0.97,-27.98916511535645,1.56,-3.1439246177673335,1.68,140.38658242589452,0.5059290528297424
000068.pcd,VRU_Adult,11.29705905914307,0.83,1.5127668163993115,0.75,-3.2145996960726637,1.59,-26.20201473781399,0.5964573621749878
000068.pcd,VRU_Adult_Using_Non-Motorized_Device/Prop_Other,22.40760130631297,0.97,-27.997320074784135,1.56,-3.2573243944268477,1.68,175.81811600470147,0.3727681040763855
000069.pcd,VRU_Adult,11.335107247034712,0.83,1.5040197471777585,0.75,-3.2865341107050567,1.59,-11.925499095194901,0.5620419979095459
000070.pcd,VRU_Adult,11.339665015538538,0.83,1.494912058115003,0.75,-3.246698240439096,1.59,-18.76087664587443,0.5824155211448669
000071.pcd,VRU_Adult,11.325416711660536,0.83,1.5124711715258041,0.75,-3.340884080299964,1.59,-14.059064138350173,0.5889654755592346
000072.pcd,VRU_Adult,11.34352246920268,0.83,1.501784702142076,0.75,-3.2478440999984737,1.59,-22.2812645592496,0.617526113986969
000072.pcd,VRU_Adult_Using_Non-Motorized_Device/Prop_Other,22.416473579406745,0.97,-28.089683818817143,1.56,-3.11542341709137,1.68,173.8326399424678,0.3038104176521301
000072.pcd,VRU_Adult_Using_Non-Motorized_Device/Prop_Other,22.42722400866057,0.97,-28.07947620592619,1.56,-3.1017336594431013,1.68,162.38666424482633,0.5194991827011108
000073.pcd,VRU_Adult,11.335415326631988,0.83,1.500885743361253,0.75,-3.2997177380781895,1.59,-12.500165750793009,0.556607186794281
000073.pcd,VRU_Adult_Using_Non-Motorized_Device/Prop_Other,22.36582077874078,0.97,-28.033783594767257,1.56,-3.1533442338307704,1.68,159.24926938703308,0.3184932470321655
000073.pcd,VRU_Adult_Using_Non-Motorized_Device/Prop_Other,22.37172337582237,0.97,-28.039487537584808,1.56,-3.1528954380436938,1.68,146.79983270358716,0.6009596586227417
000074.pcd,VRU_Adult,11.317251523335779,0.83,1.5151093105475084,0.75,-3.272843877474466,1.59,-16.986807696329343,0.5339560508728027
000074.pcd,VRU_Adult_Using_Non-Motorized_Device/Prop_Other,22.39898674011231,0.97,-28.101285171508792,1.56,-3.1580890655517577,1.68,147.4649724470422,0.3870313763618469
000074.pcd,VRU_Adult_Using_Non-Motorized_Device/Prop_Other,22.390079421997076,0.97,-28.096607971191407,1.56,-3.1633769702911367,1.68,146.88713310356243,0.5769583582878113
000075.pcd,VRU_Adult,11.321798151189634,0.83,1.5043581073934396,0.75,-3.2544709769162257,1.59,-21.041393329656643,0.4934888184070587
000075.pcd,VRU_Adult_Using_Non-Motorized_Device/Prop_Other,22.352132450450554,0.97,-28.070342381795253,1.56,-3.186332341396447,1.68,148.3982180181401,0.4550642967224121
000075.pcd,VRU_Adult_Using_Non-Motorized_Device/Prop_Other,22.355958649606414,0.97,-28.06451855283795,1.56,-3.1841610922957906,1.68,139.86306326781272,0.6405971646308899
000076.pcd,VRU_Adult_Using_Non-Motorized_Device/Prop_Other,22.384960216024652,0.97,-28.075091983961027,1.56,-3.063120505084162,1.68,157.02449373467113,0.492777943611145
000076.pcd,VRU_Adult,11.33206198765682,0.83,1.5029094861103927,0.75,-3.281278170072114,1.59,-13.098743862108961,0.4887213706970215
000076.pcd,VRU_Adult_Using_Non-Motorized_Device/Prop_Other,22.41047672695584,0.97,-28.075192981296116,1.56,-3.0441095034281407,1.68,145.16649634339302,0.6563723683357239
000077.pcd,VRU_Adult,11.296792984008793,0.83,1.5300769439110389,0.75,-3.304768067139845,1.59,-15.418731102123246,0.5143893361091614
000077.pcd,VRU_Adult_Using_Non-Motorized_Device/Prop_Other,22.372855186462406,0.97,-28.09581422805787,1.56,-3.058529222011566,1.68,150.6773743011597,0.41646379232406616
000077.pcd,VRU_Adult_Using_Non-Motorized_Device/Prop_Other,22.36208213247904,0.97,-28.0904939232803,1.56,-3.069552566947006,1.68,149.83821532440078,0.6213119029998779
000078.pcd,VRU_Adult_Using_Non-Motorized_Device/Prop_Other,22.30772251129151,0.97,-28.080487022399907,1.56,-3.044632968902588,1.68,157.6082038041654,0.5084856748580933
000078.pcd,VRU_Adult,11.293836740347059,0.83,1.519639647923982,0.75,-3.3060148862692023,1.59,-16.02372650139506,0.4526260793209076
000078.pcd,VRU_Adult_Using_Non-Motorized_Device/Prop_Other,22.33905893442582,0.97,-28.085984560908102,1.56,-3.007871734852693,1.68,138.9286413042069,0.6206517815589905
000079.pcd,VRU_Adult_Using_Non-Motorized_Device/Prop_Other,22.28183970451355,0.97,-28.070108890533454,1.56,-3.050330471992493,1.68,130.3064954493713,0.5756474137306213
000079.pcd,VRU_Adult,11.301785028897804,0.83,1.5277349673784686,0.75,-3.2346906661987296,1.59,-18.66534954589819,0.4745991826057434
000079.pcd,VRU_Adult_Using_Non-Motorized_Device/Prop_Other,22.29818857633151,0.97,-28.077230942554962,1.56,-3.0344731685442796,1.68,123.419373376333,0.5929231643676758
000080.pcd,VRU_Adult_Using_Non-Motorized_Device/Prop_Other,22.249509759851406,0.97,-28.013026469462634,1.56,-3.192073113209492,1.68,131.38924182069889,0.6774568557739258
000080.pcd,VRU_Adult,11.295459270477302,0.83,1.521167347828546,0.75,-3.269846777121224,1.59,-17.99474582761863,0.5225170850753784
000080.pcd,VRU_Adult_Using_Non-Motorized_Device/Prop_Other,22.269027001517163,0.97,-28.02958243233817,1.56,-3.1573287623269213,1.68,126.69554878348536,0.5602583885192871
000081.pcd,VRU_Adult_Using_Non-Motorized_Device/Prop_Other,22.27266763385974,0.97,-28.059758303458235,1.56,-3.049610355444121,1.68,136.9243086202043,0.625038206577301
000081.pcd,VRU_Adult,11.28176061312358,0.83,1.543743570645648,0.75,-3.2373832662900277,1.59,-18.818239408353403,0.5714353322982788
000081.pcd,VRU_Adult_Using_Non-Motorized_Device/Prop_Other,22.26621190432845,0.97,-28.056221961975098,1.56,-3.0540181891671536,1.68,134.38603982188098,0.5986417531967163
000082.pcd,VRU_Adult_Using_Non-Motorized_Device/Prop_Other,22.260625988829375,0.97,-28.03844261169434,1.56,-3.0764100177615297,1.68,125.66236160606158,0.6263615489006042
000082.pcd,VRU_Adult,11.278094847997034,0.83,1.5324894686539967,0.75,-3.2669861316680904,1.59,-17.79099174054576,0.5849449634552002
000082.pcd,VRU_Adult_Using_Non-Motorized_Device/Prop_Other,22.247604482314166,0.97,-28.0273505192177,1.56,-3.07584101078557,1.68,131.3276814748747,0.5886983871459961
000083.pcd,VRU_Adult_Using_Non-Motorized_Device/Prop_Other,22.224464661035785,0.97,-27.989262898763027,1.56,-3.152266196715526,1.68,128.6591129638624,0.5649662613868713
000083.pcd,VRU_Adult,11.257294575373342,0.83,1.5415857136249507,0.75,-3.2643425861994415,1.59,-20.632836517779438,0.5501571893692017
000083.pcd,VRU_Adult_Using_Non-Motorized_Device/Prop_Other,22.24432549109826,0.97,-28.00414540217473,1.56,-3.1160066800239754,1.68,116.81019270798105,0.5175143480300903
000084.pcd,VRU_Adult_Using_Non-Motorized_Device/Prop_Other,22.217318335244826,0.97,-27.973586636920313,1.56,-3.1030156002488245,1.68,131.863322377448,0.5545563101768494
000084.pcd,VRU_Adult,11.257491350173957,0.83,1.5447544058163902,0.75,-3.2422146002451573,1.59,-23.95765094430759,0.4898574948310852
000084.pcd,VRU_Adult_Using_Non-Motorized_Device/Prop_Other,22.23056529817127,0.97,-27.980122384570894,1.56,-3.089901577858697,1.68,127.15591215935564,0.5845181941986084
000085.pcd,VRU_Adult_Using_Non-Motorized_Device/Prop_Other,22.222934007644657,0.97,-27.929608662923183,1.56,-3.100716362396876,1.68,123.0374986802319,0.5869158506393433
000085.pcd,VRU_Adult,11.248534289273353,0.83,1.5481876676732844,0.75,-3.30439129742709,1.59,-17.488602671990854,0.580940842628479
000085.pcd,VRU_Adult_Using_Non-Motorized_Device/Prop_Other,22.222934007644653,0.97,-27.929608662923176,1.56,-3.1007163623968754,1.68,123.03749868023137,0.6610540747642517
000086.pcd,VRU_Adult_Using_Non-Motorized_Device/Prop_Other,22.200524701012508,0.97,-27.887447410159645,1.56,-3.1142527394824557,1.68,133.28568169079512,0.6369909644126892
000086.pcd,VRU_Adult,11.274660844069267,0.83,1.5313627719879095,0.75,-3.2649692572080156,1.59,-13.5486799102103,0.5988976955413818
000087.pcd,VRU_Adult,11.26841603792631,0.83,1.5394885815106916,0.75,-3.261415334848256,1.59,-11.587741896403042,0.6777598857879639
000087.pcd,VRU_Adult_Using_Non-Motorized_Device/Prop_Other,22.205655370439803,0.97,-27.913198334830152,1.56,-3.066008448600769,1.68,136.96794922582333,0.6507513523101807
000088.pcd,VRU_Adult_Using_Non-Motorized_Device/Prop_Other,22.142779127080395,0.97,-27.832324454124944,1.56,-3.1207888836556292,1.68,125.1352103899918,0.722231388092041
000088.pcd,VRU_Adult,11.276810884475715,0.83,1.5186030964056616,0.75,-3.2945567766825348,1.59,-8.515909861670542,0.6188704967498779
000089.pcd,VRU_Adult_Using_Non-Motorized_Device/Prop_Other,22.159282366434738,0.97,-27.876951762608126,1.56,-3.051880092847915,1.68,134.73729800757548,0.6980667114257812
000089.pcd,VRU_Adult,11.233331521352136,0.83,1.517675906419753,0.75,-3.243737181027729,1.59,-14.01879173803913,0.6544796228408813
000089.pcd,VRU_Adult_Using_Non-Motorized_Device/Prop_Other,22.159282366434734,0.97,-27.87695176260812,1.56,-3.051880092847915,1.68,134.73729800757573,0.5245850682258606
000090.pcd,VRU_Adult_Using_Non-Motorized_Device/Prop_Other,22.10019757197454,0.97,-27.86684542435867,1.56,-3.235286446718069,1.68,133.76364787207018,0.6916018724441528
000090.pcd,VRU_Adult,11.242136716842658,0.83,1.5055119991302466,0.75,-3.290522356828053,1.59,-11.345866712820925,0.6133809685707092
000091.pcd,VRU_Adult_Using_Non-Motorized_Device/Prop_Other,22.09691100896791,0.97,-27.849047683006116,1.56,-3.0284735435663266,1.68,136.39687937769634,0.6811051964759827
000091.pcd,VRU_Adult,11.299692233403531,0.83,1.4576569596926336,0.75,-3.278069138526915,1.59,-3.2199108493998327,0.5465657711029053
000092.pcd,VRU_Adult_Using_Non-Motorized_Device/Prop_Other,22.072659829083616,0.97,-27.84321981317857,1.56,-3.1113569455988266,1.68,134.22162371867063,0.6577914357185364
000092.pcd,VRU_Adult,11.268984794616706,0.83,1.4434499198740178,0.75,-3.2780493172732252,1.59,-10.654340422880072,0.5664280652999878
000093.pcd,VRU_Adult_Using_Non-Motorized_Device/Prop_Other,22.05976196815228,0.97,-27.808042723557048,1.56,-3.1680341424613165,1.68,126.63714353162813,0.6914085149765015
000093.pcd,VRU_Adult,11.283855091441767,0.83,1.4254470955241798,0.75,-3.3065637458454464,1.59,-10.971450663716208,0.5073249936103821
000094.pcd,VRU_Adult_Using_Non-Motorized_Device/Prop_Other,22.08625920613607,0.97,-27.858319831616953,1.56,-3.090219938393795,1.68,124.37940569754365,0.677245557308197
000094.pcd,VRU_Adult,11.33180340853605,0.83,1.3547461466355744,0.75,-3.2534336176785548,1.59,-12.46276437509028,0.5007973909378052
000094.pcd,VRU_Adult_Using_Non-Motorized_Device/Prop_Other,22.06497584751674,0.97,-27.831163188389368,1.56,-3.1240913459232873,1.68,125.04528356831706,0.5212045907974243
000095.pcd,VRU_Adult_Using_Non-Motorized_Device/Prop_Other,22.063800130571643,0.97,-27.81331150872367,1.56,-3.082863356385912,1.68,120.84336569326692,0.746572732925415
000095.pcd,VRU_Adult,11.345659324101044,0.83,1.3260140929903292,0.75,-3.2697378907884866,1.59,-8.20778696630431,0.44568443298339844
000096.pcd,VRU_Adult_Using_Non-Motorized_Device/Prop_Other,22.083514961036478,0.97,-27.84376360919025,1.56,-3.022855172286163,1.68,138.54848658387613,0.7404965162277222
000096.pcd,VRU_Adult,11.363031240609983,0.83,1.301932701697712,0.75,-3.281840581160324,1.59,-11.922894575620212,0.6597023010253906
000097.pcd,VRU_Adult_Using_Non-Motorized_Device/Prop_Other,22.091616675967266,0.97,-27.84442901611329,1.56,-3.043705781300863,1.68,144.27823446795884,0.7403129935264587
000097.pcd,VRU_Adult,11.384670972824104,0.83,1.2835791607697804,0.75,-3.2954001426696773,1.59,-12.931339087098262,0.6190968155860901
000098.pcd,VRU_Adult_Using_Non-Motorized_Device/Prop_Other,22.073545749370872,0.97,-27.81639133355557,1.56,-3.0465629345331435,1.68,137.87797757086656,0.7427663207054138
000098.pcd,VRU_Adult,11.398319005966194,0.83,1.2482511003812142,0.75,-3.3166028459866834,1.59,-8.508758323583942,0.7002430558204651
000099.pcd,VRU_Adult_Using_Non-Motorized_Device/Prop_Other,22.13725682099661,0.97,-27.848988572756454,1.56,-2.969184016187986,1.68,143.9222600834922,0.7747775316238403
000099.pcd,VRU_Adult,11.397301117579147,0.83,1.237470269203185,0.75,-3.3163309097290035,1.59,-8.88804814564525,0.6932510733604431
000100.pcd,VRU_Adult_Using_Non-Motorized_Device/Prop_Other,22.122882414837278,0.97,-27.797425367394275,1.56,-3.0308655184142443,1.68,126.0092046178352,0.7766533493995667
000100.pcd,VRU_Adult,11.408725151648893,0.83,1.2188163904043334,0.75,-3.3093913518465468,1.59,-10.830221680636246,0.6119687557220459
000101.pcd,VRU_Adult_Using_Non-Motorized_Device/Prop_Other,22.17611871446882,0.97,-27.856457801092244,1.56,-3.1028206575484503,1.68,136.3385274417283,0.7774473428726196
000101.pcd,VRU_Adult,11.411430285527162,0.83,1.20912077793708,0.75,-3.3112570872673612,1.59,-9.939518400327273,0.5712143778800964
000102.pcd,VRU_Adult_Using_Non-Motorized_Device/Prop_Other,22.146698878361633,0.97,-27.846449436285564,1.56,-3.0595750319652066,1.68,136.36122257174665,0.7545521259307861
000102.pcd,VRU_Adult,11.41868162155152,0.83,1.183043748140334,0.75,-3.2874798178672777,1.59,-7.897788617624126,0.5994481444358826
000103.pcd,VRU_Adult_Using_Non-Motorized_Device/Prop_Other,22.14167591094971,0.97,-27.854289398193362,1.56,-3.0981273794174196,1.68,128.70712892306807,0.725791335105896
000103.pcd,VRU_Adult,11.371412277221683,0.83,1.1760742664337114,0.75,-3.3169189049647394,1.59,-4.405755200172758,0.4725852906703949
000104.pcd,VRU_Adult_Using_Non-Motorized_Device/Prop_Other,22.13749677870009,0.97,-27.845804468790696,1.56,-3.03956298828125,1.68,137.0835359657193,0.7501769661903381
000104.pcd,VRU_Adult,11.404834906260179,0.83,1.1505520542462666,0.75,-3.2857047120730076,1.59,-0.235030960644937,0.39362239837646484
000105.pcd,VRU_Adult_Using_Non-Motorized_Device/Prop_Other,22.098863690398463,0.97,-27.8040688536888,1.56,-3.077075858448827,1.68,129.39756683946226,0.7325717210769653
000105.pcd,VRU_Adult,11.366974917325111,0.83,1.1075648665428148,0.75,-3.342020815069023,1.59,-6.130482064309559,0.4764973521232605
000106.pcd,VRU_Adult_Using_Non-Motorized_Device/Prop_Other,22.096390067206492,0.97,-27.806257120768233,1.56,-3.0654436853196887,1.68,124.59024597367831,0.7294976711273193
000106.pcd,VRU_Adult,11.421467224756881,0.83,1.0759356121222166,0.75,-3.3242262005805965,1.59,2.5315000914981014,0.4039842188358307
000107.pcd,VRU_Adult_Using_Non-Motorized_Device/Prop_Other,22.10963756480116,0.97,-27.812140444491778,1.56,-3.0434660556468556,1.68,128.8356681829087,0.7345622181892395
000107.pcd,VRU_Adult,11.326358795166025,0.83,1.039623950918512,0.75,-3.3076711297035204,1.59,-2.7554380293261627,0.3467160165309906
000108.pcd,VRU_Adult_Using_Non-Motorized_Device/Prop_Other,22.104673345038236,0.97,-27.833060609533437,1.56,-3.0297239638389426,1.68,136.12221617933125,0.7446727156639099
000108.pcd,VRU_Adult,11.392976760864261,0.83,0.9801660597324371,0.75,-3.3222113609313957,1.59,-6.08845604264177,0.3691409230232239
000109.pcd,VRU_Adult_Using_Non-Motorized_Device/Prop_Other,22.104776382446293,0.97,-27.805444439252224,1.56,-3.0733496199051538,1.68,124.27712049869723,0.7488923668861389
000109.pcd,VRU_Adult,11.348163091219392,0.83,0.9886449208626369,0.75,-3.363057429973895,1.59,-7.496413570297904,0.389067679643631
000110.pcd,VRU_Adult_Using_Non-Motorized_Device/Prop_Other,22.1131285499124,0.97,-27.818432826621866,1.56,-3.0334522770900354,1.68,125.61396987764208,0.7578815817832947
000110.pcd,VRU_Adult,11.363895893096927,0.83,0.9473300363336301,0.75,-3.340668371745518,1.59,-9.245771422219514,0.4281913638114929
000111.pcd,VRU_Adult_Using_Non-Motorized_Device/Prop_Other,22.12292342092477,0.97,-27.8020523669673,1.56,-3.0236671718896604,1.68,129.5823994557386,0.7351558208465576
000111.pcd,VRU_Adult,11.362744944436214,0.83,0.9308923738343334,0.75,-3.264679772513253,1.59,-11.32021478921364,0.3998861312866211
000112.pcd,VRU_Adult_Using_Non-Motorized_Device/Prop_Other,22.111420105243557,0.97,-27.83019828796387,1.56,-3.0726469590746124,1.68,127.02656318320525,0.7269365787506104
000112.pcd,VRU_Adult,11.339977455139165,0.83,0.9180332899093618,0.75,-3.343433396021524,1.59,-18.440067340368504,0.44639042019844055
000113.pcd,VRU_Adult_Using_Non-Motorized_Device/Prop_Other,22.118639071782436,0.97,-27.823615948359176,1.56,-3.036161705851555,1.68,128.93120292203375,0.7417964935302734
000113.pcd,VRU_Adult,11.334029344412,0.83,0.9190708077870849,0.75,-3.3337996372809773,1.59,-18.848517757717577,0.38144928216934204
000114.pcd,VRU_Adult_Using_Non-Motorized_Device/Prop_Other,22.113752832218097,0.97,-27.841188742189996,1.56,-3.0334134296495088,1.68,129.35819275495138,0.715073823928833
000114.pcd,VRU_Adult,11.37099750225361,0.83,0.8852131183330807,0.75,-3.323170496867252,1.59,-14.13700005705564,0.4066385328769684
000115.pcd,VRU_Adult_Using_Non-Motorized_Device/Prop_Other,22.133138895034794,0.97,-27.83629945913951,1.56,-3.050153856476148,1.68,125.33829147857338,0.7072023749351501
000115.pcd,VRU_Adult,11.352578676663919,0.83,0.8958538266328643,0.75,-3.3621613979339595,1.59,-15.70105979669949,0.3762272596359253
000116.pcd,VRU_Adult_Using_Non-Motorized_Device/Prop_Other,22.128068656921393,0.97,-27.852840118408206,1.56,-3.0575053215026857,1.68,130.19101357497564,0.6984320878982544
000116.pcd,VRU_Adult,11.368639579186079,0.83,0.8716976550909167,0.75,-3.285883885163526,1.59,-17.086657819625913,0.36520493030548096
000117.pcd,VRU_Adult_Using_Non-Motorized_Device/Prop_Other,22.128876762390142,0.97,-27.8504521560669,1.56,-3.0700770139694216,1.68,130.9964570495204,0.6994291543960571
000117.pcd,VRU_Adult,11.400806133563707,0.83,0.8538379164842448,0.75,-3.3667352749751154,1.59,-16.509436117291063,0.4038536846637726
000118.pcd,VRU_Adult_Using_Non-Motorized_Device/Prop_Other,22.13473736156117,0.97,-27.854429765181113,1.56,-3.0966061635450886,1.68,125.84192427916437,0.7148997783660889
000118.pcd,VRU_Adult,11.414647322434652,0.83,0.8456558860265248,0.75,-3.36754874082712,1.59,-16.066479707190894,0.41052764654159546
000119.pcd,VRU_Adult_Using_Non-Motorized_Device/Prop_Other,22.15217338562012,0.97,-27.83891609191895,1.56,-3.051480350494385,1.68,125.80521134671552,0.7272122502326965
000119.pcd,VRU_Adult,11.401691913604743,0.83,0.8587642709414128,0.75,-3.392227033774057,1.59,-16.673588465677895,0.5145732164382935
000120.pcd,VRU_Adult_Using_Non-Motorized_Device/Prop_Other,22.128705123375205,0.97,-27.849228069700047,1.56,-3.0673974382466285,1.68,136.68151362673004,0.72069251537323
000120.pcd,VRU_Adult,11.408272107442228,0.83,0.8316787779331172,0.75,-3.349964261054991,1.59,-21.539249968534598,0.5033854842185974
000121.pcd,VRU_Adult_Using_Non-Motorized_Device/Prop_Other,22.146296676324344,0.97,-27.85765176889848,1.56,-3.080522799978451,1.68,127.2971718843486,0.700204074382782
000121.pcd,VRU_Adult,11.45197004079819,0.83,0.825485344976185,0.75,-3.377202704548835,1.59,-16.67854886839885,0.47200337052345276
000122.pcd,VRU_Adult_Using_Non-Motorized_Device/Prop_Other,22.143622539661553,0.97,-27.841159855877915,1.56,-3.060003320376078,1.68,126.89156434191466,0.722769021987915
000122.pcd,VRU_Adult,11.418766975402837,0.83,0.8408242861429827,0.75,-3.3469763994216915,1.59,-18.842834049678405,0.4579455554485321
000123.pcd,VRU_Adult_Using_Non-Motorized_Device/Prop_Other,22.145017547607427,0.97,-27.853874397277835,1.56,-3.001472487449646,1.68,129.48637892648395,0.7321439385414124
000123.pcd,VRU_Adult,11.44642265637716,0.83,0.8309352695941925,0.75,-3.385259568691253,1.59,-13.814477215933127,0.4523477554321289
000124.pcd,VRU_Adult_Using_Non-Motorized_Device/Prop_Other,22.136334679343488,0.97,-27.841217994689945,1.56,-3.0693620551716196,1.68,125.48758564151402,0.7357999086380005
000124.pcd,VRU_Adult,11.404892848088195,0.83,0.8236408967238196,0.75,-3.342340524380023,1.59,-22.287046651047337,0.4828764498233795
000125.pcd,VRU_Adult_Using_Non-Motorized_Device/Prop_Other,22.157467686852748,0.97,-27.85101034474928,1.56,-3.1075692509495934,1.68,124.61417625177639,0.7363410592079163
000125.pcd,VRU_Adult,11.44571955998739,0.83,0.8042015035947152,0.75,-3.259832859039306,1.59,-23.30932456950284,0.5107594728469849
000126.pcd,VRU_Adult_Using_Non-Motorized_Device/Prop_Other,22.14664774674636,0.97,-27.85343691018912,1.56,-3.0086913062975955,1.68,128.2502045502704,0.7361635565757751
000126.pcd,VRU_Adult,11.407658143477011,0.83,0.8335773619738492,0.75,-3.37846582586115,1.59,-19.951001317235804,0.5247207880020142
000127.pcd,VRU_Adult_Using_Non-Motorized_Device/Prop_Other,22.179780813363887,0.97,-27.86848636773917,1.56,-3.0681785069979153,1.68,126.10741583358765,0.7102473974227905
000127.pcd,VRU_Adult,11.463983315687917,0.83,0.8249657704279951,0.75,-3.4140365673945494,1.59,-23.74800324554754,0.4311019778251648
000127.pcd,VRU_Adult,22.3999745295598,0.83,-29.560306622431828,0.75,-3.049847834385358,1.59,-74.38342460026871,0.34643375873565674
000128.pcd,VRU_Adult_Using_Non-Motorized_Device/Prop_Other,22.146854140541773,0.97,-27.862951842221353,1.56,-3.018823417750272,1.68,130.068396828582,0.7146707773208618
000128.pcd,VRU_Adult,11.441287921025207,0.83,0.822217469031992,0.75,-3.2772794870229855,1.59,-20.780351098303814,0.4691208004951477
000129.pcd,VRU_Adult_Using_Non-Motorized_Device/Prop_Other,22.16860711340811,0.97,-27.84579378015855,1.56,-3.1346825524872424,1.68,125.72821151093514,0.7145828604698181
000129.pcd,VRU_Adult,11.440007527669273,0.83,0.8312068233887354,0.75,-3.3592818578084302,1.59,-20.040415070409367,0.4412330389022827
000130.pcd,VRU_Adult_Using_Non-Motorized_Device/Prop_Other,22.14327547766946,0.97,-27.84577556089922,1.56,-3.0754561099139126,1.68,124.8339873409357,0.723564863204956
000130.pcd,VRU_Adult,11.50094366073609,0.83,0.8273692776759454,0.75,-3.2893315354983,1.59,-18.40569831710748,0.3970906138420105
000131.pcd,VRU_Adult_Using_Non-Motorized_Device/Prop_Other,22.15511985447096,0.97,-27.87103254898735,1.56,-3.062137805897257,1.68,133.22282860627763,0.7249467372894287
000131.pcd,VRU_Adult,11.473829348882047,0.83,0.8126736283302236,0.75,-3.3303219874699903,1.59,-20.876714133516195,0.37471774220466614
000132.pcd,VRU_Adult_Using_Non-Motorized_Device/Prop_Other,22.18124913234337,0.97,-27.846017126943554,1.56,-3.0893135678534414,1.68,132.07820915511948,0.7255837917327881
000132.pcd,VRU_Adult,11.480369934668913,0.83,0.8260453251691954,0.75,-3.373738105480487,1.59,-18.255188781357553,0.407556414604187
000133.pcd,VRU_Adult_Using_Non-Motorized_Device/Prop_Other,22.155646095275884,0.97,-27.862010307312016,1.56,-3.0365310287475586,1.68,127.59678355980448,0.7288632988929749
000133.pcd,VRU_Adult,11.485127302316524,0.83,0.8162530202131995,0.75,-3.3125990720895615,1.59,-11.775359982818816,0.35291147232055664
000133.pcd,VRU_Adult_Using_Non-Motorized_Device/Prop_Other,22.155646095275884,0.97,-27.862010307312012,1.56,-3.036531028747558,1.68,127.59678355980554,0.5178779363632202
000134.pcd,VRU_Adult_Using_Non-Motorized_Device/Prop_Other,22.15274918296121,0.97,-27.828554257479585,1.56,-3.095293491536921,1.68,126.01488263302885,0.7265147566795349
000134.pcd,VRU_Adult,11.463642994562791,0.83,0.8332574317852645,0.75,-3.3281443715095516,1.59,-17.179614463752877,0.41705572605133057
000135.pcd,VRU_Adult_Using_Non-Motorized_Device/Prop_Other,22.149002037048344,0.97,-27.862938995361333,1.56,-3.009211196899414,1.68,129.64035782522024,0.7238267064094543
000135.pcd,VRU_Adult,11.42691326141358,0.83,0.8384552945693322,0.75,-3.432055334250131,1.59,-5.233789673799857,0.40574613213539124
000136.pcd,VRU_Adult_Using_Non-Motorized_Device/Prop_Other,22.157994575500492,0.97,-27.82962398529053,1.56,-3.078150773048401,1.68,124.77213655556562,0.725212574005127
000136.pcd,VRU_Adult,11.436899264653528,0.83,0.8405249267816531,0.75,-3.3492218255996686,1.59,-10.440937100798664,0.3358651399612427
000137.pcd,VRU_Adult_Using_Non-Motorized_Device/Prop_Other,22.169589372114707,0.97,-27.87122764587403,1.56,-3.0498959584669634,1.68,131.1471659063582,0.7230909466743469
000137.pcd,VRU_Adult,11.426689734825725,0.83,0.846717128386861,0.75,-3.324295117304874,1.59,-2.1018239999302075,0.3624431788921356
000138.pcd,VRU_Adult_Using_Non-Motorized_Device/Prop_Other,22.167178764343266,0.97,-27.865623168945316,1.56,-3.0548538398742675,1.68,132.83082698763658,0.7258520722389221
000138.pcd,VRU_Adult,11.415345891316736,0.83,0.8616961518923432,0.75,-3.379116948445637,1.59,-2.716791401557483,0.3077526390552521
000139.pcd,VRU_Adult_Using_Non-Motorized_Device/Prop_Other,22.15864870499592,0.97,-27.87941438324598,1.56,-3.0226460038399208,1.68,128.25683999408287,0.7216768264770508
000139.pcd,VRU_Adult,11.37848208500789,0.83,0.8429478085957987,0.75,-3.317994924692006,1.59,0.6991950746035078,0.3410566747188568
000140.pcd,VRU_Adult_Using_Non-Motorized_Device/Prop_Other,22.14998249385668,0.97,-27.828976092131246,1.56,-3.0481248938519023,1.68,125.09096010695723,0.723267138004303
000141.pcd,VRU_Adult_Using_Non-Motorized_Device/Prop_Other,22.163366279602055,0.97,-27.86065738677979,1.56,-3.0575332927703855,1.68,131.69112723895748,0.7250347137451172
000141.pcd,VRU_Adult,11.356073651994981,0.83,0.8611397189753386,0.75,-3.337100505828857,1.59,-1.0402939935512032,0.33903998136520386
000142.pcd,VRU_Adult_Using_Non-Motorized_Device/Prop_Other,22.151552030775285,0.97,-27.866202502780496,1.56,-3.0177134301927353,1.68,132.43375088997522,0.7249966859817505
000142.pcd,VRU_Adult,11.34727103369577,0.83,0.8756002272878354,0.75,-3.4259064878736214,1.59,-1.2938302064028564,0.3744105398654938
000143.pcd,VRU_Adult_Using_Non-Motorized_Device/Prop_Other,22.153037830274936,0.97,-27.835322010273842,1.56,-3.117615947918016,1.68,121.90434082758405,0.7183667421340942
000143.pcd,VRU_Adult,11.283013900121057,0.83,0.8580012768507004,0.75,-3.28747812906901,1.59,-5.214245512635458,0.371588796377182
000144.pcd,VRU_Adult_Using_Non-Motorized_Device/Prop_Other,22.151022444380096,0.97,-27.84581013943287,1.56,-3.0560003037148333,1.68,123.84976716092503,0.7221606969833374
000144.pcd,VRU_Adult,11.261176858629502,0.83,0.889840304851529,0.75,-3.3044674396514884,1.59,-3.6080046553282834,0.3884565830230713
000145.pcd,VRU_Adult_Using_Non-Motorized_Device/Prop_Other,22.156021442053458,0.97,-27.857910552114816,1.56,-3.0517073397366508,1.68,132.23589469881242,0.720579206943512
000145.pcd,VRU_Adult,11.27652006882888,0.83,0.8705806778027451,0.75,-3.3830949709965625,1.59,-1.692339471603007,0.4344426393508911
000146.pcd,VRU_Adult_Using_Non-Motorized_Device/Prop_Other,22.163587093353275,0.97,-27.854290286699936,1.56,-3.098186746239662,1.68,127.67336446488592,0.7190489172935486
000146.pcd,VRU_Adult,11.240928796621473,0.83,0.897378032024088,0.75,-3.3169088730445258,1.59,5.631567261606394,0.5168308615684509
000147.pcd,VRU_Adult_Using_Non-Motorized_Device/Prop_Other,22.15075578494948,0.97,-27.85044483262666,1.56,-3.0410565356819,1.68,129.51170694525345,0.7184852361679077
000147.pcd,VRU_Adult,11.219597296281298,0.83,0.8873145092617382,0.75,-3.2413941730152462,1.59,2.7448925718214143,0.3711247444152832
000148.pcd,VRU_Adult_Using_Non-Motorized_Device/Prop_Other,22.16561811110553,0.97,-27.862981945860625,1.56,-3.0831293498768524,1.68,138.43526160022725,0.7194398045539856
000148.pcd,VRU_Adult,11.264043514545149,0.83,0.9156698630406285,0.75,-3.499143453744741,1.59,1.5132540068582996,0.30818453431129456
000149.pcd,VRU_Adult_Using_Non-Motorized_Device/Prop_Other,22.17190397702731,0.97,-27.86218225038969,1.56,-3.030494442352882,1.68,129.26349765708005,0.720100462436676
000150.pcd,VRU_Adult_Using_Non-Motorized_Device/Prop_Other,22.155018086336103,0.97,-27.856427056448805,1.56,-3.0571031911032542,1.68,138.01176865086384,0.7213742733001709
000151.pcd,VRU_Adult_Using_Non-Motorized_Device/Prop_Other,22.16115129910983,0.97,-27.85027467287504,1.56,-3.088713765144348,1.68,125.84938341210304,0.7185088396072388
000152.pcd,VRU_Adult_Using_Non-Motorized_Device/Prop_Other,22.136249860127773,0.97,-27.86312286059062,1.56,-3.0455492734909058,1.68,133.43658641573649,0.7153022289276123
000153.pcd,VRU_Adult_Using_Non-Motorized_Device/Prop_Other,22.15109043854934,0.97,-27.854533085456264,1.56,-3.050019200031574,1.68,133.31159350152973,0.7182049751281738
000153.pcd,VRU_Adult,11.231597240154567,0.83,0.9069106762225789,0.75,-3.4100936559530393,1.59,7.844594466257155,0.33283188939094543
000154.pcd,VRU_Adult_Using_Non-Motorized_Device/Prop_Other,22.157210992307085,0.97,-27.869899282650078,1.56,-3.056558214888281,1.68,131.64525332560078,0.715411365032196
000154.pcd,VRU_Adult,11.23512834310532,0.83,0.9348063617944735,0.75,-3.322452828288078,1.59,15.56044968725935,0.36709943413734436
000155.pcd,VRU_Adult_Using_Non-Motorized_Device/Prop_Other,22.160999603271488,0.97,-27.86086303710938,1.56,-3.0377823400497435,1.68,138.67808051117225,0.7385279536247253
000155.pcd,VRU_Adult,11.242569483243507,0.83,0.946149454667018,0.75,-3.3691651821136466,1.59,12.038548330489416,0.35982033610343933
000156.pcd,VRU_Adult_Using_Non-Motorized_Device/Prop_Other,22.156456196561777,0.97,-27.84773635864258,1.56,-3.091094138774466,1.68,128.72690412301895,0.7367578148841858
000156.pcd,VRU_Adult,11.25266654674824,0.83,0.919456023436324,0.75,-3.3195521831512433,1.59,9.835648837958571,0.5505965352058411
000157.pcd,VRU_Adult_Using_Non-Motorized_Device/Prop_Other,22.154312211640033,0.97,-27.86656052725656,1.56,-3.0604041887789357,1.68,136.0071771669686,0.7262000441551208
000157.pcd,VRU_Adult,11.272805213928228,0.83,0.9335778206586811,0.75,-3.325540229678153,1.59,16.493530041406196,0.3352949023246765
000158.pcd,VRU_Adult_Using_Non-Motorized_Device/Prop_Other,22.177132627699113,0.97,-27.86286862691244,1.56,-3.031365558836195,1.68,127.44522755294452,0.7258309125900269
000158.pcd,VRU_Adult,11.298558743794764,0.83,0.9565870205561292,0.75,-3.3298655192057285,1.59,14.34036324644943,0.3281523883342743
000159.pcd,VRU_Adult_Using_Non-Motorized_Device/Prop_Other,22.147790679931646,0.97,-27.85352127075196,1.56,-3.068101944923401,1.68,128.59014438161915,0.7314726710319519
000160.pcd,VRU_Adult_Using_Non-Motorized_Device/Prop_Other,22.150069816439764,0.97,-27.846496208041327,1.56,-3.0782152858434944,1.68,128.232852605683,0.7321173548698425
000161.pcd,VRU_Adult_Using_Non-Motorized_Device/Prop_Other,22.15190062156091,0.97,-27.834401350754963,1.56,-3.099183600682479,1.68,126.23769409001736,0.7339896559715271
000162.pcd,VRU_Adult_Using_Non-Motorized_Device/Prop_Other,22.157920097818185,0.97,-27.864774937532392,1.56,-3.0347522278221284,1.68,129.20490902753414,0.7316215634346008
000163.pcd,VRU_Adult_Using_Non-Motorized_Device/Prop_Other,22.152352469308042,0.97,-27.83926426634497,1.56,-3.072327492188434,1.68,131.68989311929113,0.7325772047042847
000164.pcd,VRU_Adult_Using_Non-Motorized_Device/Prop_Other,22.156088703083547,0.97,-27.8345796836997,1.56,-3.106537715444025,1.68,123.36411215941419,0.7315676212310791
000165.pcd,VRU_Adult_Using_Non-Motorized_Device/Prop_Other,22.155616151525624,0.97,-27.8645194033359,1.56,-3.0838762496380094,1.68,126.62252064742059,0.731123149394989
000165.pcd,VRU_Adult_Using_Non-Motorized_Device/Prop_Other,22.20066711425782,0.97,-28.503000411987305,1.56,-3.092660489082336,1.68,-75.59375677922995,0.39050135016441345
000166.pcd,VRU_Adult_Using_Non-Motorized_Device/Prop_Other,22.143615722656254,0.97,-27.843833009401962,1.56,-3.056809296210607,1.68,128.71045978322306,0.735580325126648
000167.pcd,VRU_Adult_Using_Non-Motorized_Device/Prop_Other,22.153863338713954,0.97,-27.867103617242048,1.56,-3.0461546715269696,1.68,130.54199257060148,0.7409049272537231
000168.pcd,VRU_Adult_Using_Non-Motorized_Device/Prop_Other,22.15034189029616,0.97,-27.83578693623446,1.56,-3.074209894452776,1.68,130.41996316880025,0.7418162226676941
000169.pcd,VRU_Adult_Using_Non-Motorized_Device/Prop_Other,22.13503841477998,0.97,-27.844662530081617,1.56,-3.0483859753122133,1.68,134.92735960347656,0.7415673732757568
000170.pcd,VRU_Adult_Using_Non-Motorized_Device/Prop_Other,22.14997498194377,0.97,-27.8488062620163,1.56,-3.069027453660965,1.68,127.90929360771267,0.739743173122406
000170.pcd,VRU_Adult_Using_Non-Motorized_Device/Prop_Other,22.27674237004033,0.97,-28.64031078197338,1.56,-3.126811146736144,1.68,-71.26066915351836,0.48765307664871216
000171.pcd,VRU_Adult_Using_Non-Motorized_Device/Prop_Other,22.158668310745906,0.97,-27.87464465265689,1.56,-3.011616535808729,1.68,134.35319783026333,0.7484469413757324
000172.pcd,VRU_Adult_Using_Non-Motorized_Device/Prop_Other,22.149237365722662,0.97,-27.839864006042486,1.56,-3.0111606884002686,1.68,134.4600776699656,0.744636058807373
000173.pcd,VRU_Adult_Using_Non-Motorized_Device/Prop_Other,22.16405894709569,0.97,-27.857586767159262,1.56,-3.036827199599322,1.68,128.22026738801895,0.7457787990570068
000174.pcd,VRU_Adult_Using_Non-Motorized_Device/Prop_Other,22.146476461532274,0.97,-27.83311795173808,1.56,-3.0910293599392507,1.68,130.50985204320656,0.7425947785377502
000174.pcd,VRU_Adult,10.389481837932882,0.83,-1.682100401474881,0.75,-3.2452911321933446,1.59,-104.62881751186126,0.5638042092323303
000175.pcd,VRU_Adult_Using_Non-Motorized_Device/Prop_Other,22.163166633019085,0.97,-27.847294770754306,1.56,-3.0558720597854028,1.68,122.81007299383843,0.7400010824203491
000176.pcd,VRU_Adult_Using_Non-Motorized_Device/Prop_Other,22.149181895785865,0.97,-27.856770621405712,1.56,-3.0103311759454234,1.68,132.6582068915987,0.7407413125038147
000177.pcd,VRU_Adult_Using_Non-Motorized_Device/Prop_Other,22.16169138157622,0.97,-27.85586750760992,1.56,-3.1051231394422816,1.68,128.12058405017865,0.7377622127532959
000178.pcd,VRU_Adult_Using_Non-Motorized_Device/Prop_Other,22.138178021300078,0.97,-27.865046968647082,1.56,-3.056670015933467,1.68,137.92730102225053,0.7364452481269836
000178.pcd,VRU_Adult_Using_Non-Motorized_Device/Prop_Other,22.151277809143068,0.97,-27.862290840148926,1.56,-3.045850234031677,1.68,130.9017167183998,0.5099034309387207
000179.pcd,VRU_Adult_Using_Non-Motorized_Device/Prop_Other,22.16728790946629,0.97,-27.86828878651495,1.56,-3.044187333272851,1.68,136.0741457781094,0.7330382466316223
000180.pcd,VRU_Adult_Using_Non-Motorized_Device/Prop_Other,22.143478315703728,0.97,-27.852332290338015,1.56,-3.0506124739744225,1.68,132.53870598434733,0.7330999970436096
000181.pcd,VRU_Adult_Using_Non-Motorized_Device/Prop_Other,22.159357528686527,0.97,-27.858942031860355,1.56,-3.046348743438721,1.68,131.56305010006747,0.735507607460022
000182.pcd,VRU_Adult_Using_Non-Motorized_Device/Prop_Other,22.14531241522895,0.97,-27.84708421495226,1.56,-3.0688167413075766,1.68,126.39485873044879,0.7394234538078308
000183.pcd,VRU_Adult_Using_Non-Motorized_Device/Prop_Other,22.150125870337856,0.97,-27.859661615811866,1.56,-3.0633122141544638,1.68,129.99465930544716,0.7420093417167664
000184.pcd,VRU_Adult_Using_Non-Motorized_Device/Prop_Other,22.166686693827316,0.97,-27.864567557970688,1.56,-3.0697083522876105,1.68,134.75576578759544,0.7425751090049744
000184.pcd,VRU_Adult,11.765545129776005,0.83,1.3304692544043037,0.75,-3.3610381931066504,1.59,-63.13312158801343,0.5018435716629028
000185.pcd,VRU_Adult_Using_Non-Motorized_Device/Prop_Other,22.155437429745998,0.97,-27.86035811901093,1.56,-2.9879864652951564,1.68,127.93658664230108,0.7404813170433044
000185.pcd,VRU_Adult,11.727104527609693,0.83,1.4649380019732863,0.75,-3.3469237429755068,1.59,147.45460922622078,0.40640026330947876
000186.pcd,VRU_Adult_Using_Non-Motorized_Device/Prop_Other,22.138292040143696,0.97,-27.841520082382935,1.56,-3.0826289426712763,1.68,130.348074509248,0.7419338226318359
000186.pcd,VRU_Adult,11.749401152133945,0.83,1.41413891967386,0.75,-3.3637042790651317,1.59,-64.24074153139833,0.468077152967453
000187.pcd,VRU_Adult_Using_Non-Motorized_Device/Prop_Other,22.16399167134212,0.97,-27.865136696742134,1.56,-3.052586656350356,1.68,125.27062163041076,0.7420549988746643
000188.pcd,VRU_Adult_Using_Non-Motorized_Device/Prop_Other,22.155362725257877,0.97,-27.855840365091964,1.56,-3.0766059706608453,1.68,129.2459974798415,0.7405133843421936
000188.pcd,VRU_Adult,11.71347808837891,0.83,1.5188340051816038,0.75,-3.336559552412766,1.59,-64.44986678442297,0.348827064037323
000189.pcd,VRU_Adult_Using_Non-Motorized_Device/Prop_Other,22.15979799857507,0.97,-27.853481072645927,1.56,-3.087432691684136,1.68,129.74579034119859,0.7397672533988953
000189.pcd,VRU_Adult,11.689384533808786,0.83,1.7127623924842248,0.75,-3.324277052512535,1.59,16.008761241005107,0.3317529559135437
000190.pcd,VRU_Adult_Using_Non-Motorized_Device/Prop_Other,22.164810720479718,0.97,-27.863569007729588,1.56,-3.0744667278145843,1.68,130.37744082922072,0.7371554374694824
000190.pcd,VRU_Adult,11.703037261962894,0.83,1.672548655952723,0.75,-3.3614010129656107,1.59,-69.79286420955776,0.38312602043151855
000191.pcd,VRU_Adult_Using_Non-Motorized_Device/Prop_Other,22.14842944242517,0.97,-27.845169768041497,1.56,-3.060099699059312,1.68,128.27659592400587,0.7416436076164246
000191.pcd,VRU_Adult,11.680681673685713,0.83,1.6923819144566825,0.75,-3.3511453151702875,1.59,-66.97727965300848,0.3306693732738495
000192.pcd,VRU_Adult_Using_Non-Motorized_Device/Prop_Other,22.13757404327393,0.97,-27.846828346252448,1.56,-3.0617724227905274,1.68,134.716933379785,0.741615355014801
000192.pcd,VRU_Adult,11.672244250774389,0.83,1.8593604490160907,0.75,-3.3664292842149726,1.59,-124.98431274833445,0.43132302165031433
000193.pcd,VRU_Adult_Using_Non-Motorized_Device/Prop_Other,22.161182697002708,0.97,-27.852813097146846,1.56,-3.1062596486164975,1.68,120.1932082140212,0.7382364869117737
000193.pcd,VRU_Adult,11.659553808324478,0.83,1.895542663686415,0.75,-3.4107053981107818,1.59,-113.30261168804964,0.5850578546524048
000194.pcd,VRU_Adult_Using_Non-Motorized_Device/Prop_Other,22.154576023419704,0.97,-27.865982254346218,1.56,-3.021779884894689,1.68,136.41208898904756,0.7376232743263245
000194.pcd,VRU_Adult,11.68104592491599,0.83,1.8368681791950658,0.75,-3.343861075008616,1.59,-69.57736126990164,0.39142170548439026
000195.pcd,VRU_Adult_Using_Non-Motorized_Device/Prop_Other,22.167558596684387,0.97,-27.864266468928413,1.56,-3.022648435372573,1.68,132.90267688984005,0.7338553071022034
000195.pcd,VRU_Adult,11.64098790112664,0.83,1.8483252516564168,0.75,-3.3599414965685668,1.59,-68.50946788285023,0.38799506425857544
000196.pcd,VRU_Adult_Using_Non-Motorized_Device/Prop_Other,22.157321390898336,0.97,-27.843869043433152,1.56,-3.071215297864831,1.68,125.59935484172908,0.7384397387504578
000196.pcd,VRU_Adult,11.633107423782354,0.83,1.9392342139035446,0.75,-3.3336291611194606,1.59,-69.6519503513727,0.5322257876396179
000197.pcd,VRU_Adult_Using_Non-Motorized_Device/Prop_Other,22.14332903348483,0.97,-27.845989153935363,1.56,-2.9938264718422523,1.68,131.81710078698597,0.7468755841255188
000197.pcd,VRU_Adult,11.622292836507164,0.83,2.0374092943966398,0.75,-3.3387270238664413,1.59,-70.11407252073417,0.5978562831878662
000198.pcd,VRU_Adult_Using_Non-Motorized_Device/Prop_Other,22.160565809770066,0.97,-27.848601211201068,1.56,-3.0483510710976343,1.68,134.18410125285365,0.7553511261940002
000198.pcd,VRU_Adult,11.554695129394535,0.83,2.236981848875679,0.75,-3.33596130212148,1.59,91.79742264281907,0.5431525707244873
000199.pcd,VRU_Adult_Using_Non-Motorized_Device/Prop_Other,22.146601070057265,0.97,-27.831425666809086,1.56,-3.083758679303256,1.68,130.60426815613536,0.734212338924408
000199.pcd,VRU_Adult,11.57558777753045,0.83,2.2983491420745823,0.75,-3.365727031932157,1.59,80.7820537051853,0.5132895708084106
000200.pcd,VRU_Adult_Using_Non-Motorized_Device/Prop_Other,22.15706447601319,0.97,-27.86890159606934,1.56,-3.046947331428528,1.68,143.86046346234713,0.7289609909057617
000200.pcd,VRU_Adult,11.562978363037113,0.83,2.310589885711669,0.75,-3.3337871869405107,1.59,70.30300227287871,0.4764244258403778
000201.pcd,VRU_Adult_Using_Non-Motorized_Device/Prop_Other,22.12848070834546,0.97,-27.839427055196563,1.56,-3.02965654718115,1.68,131.61135602401086,0.7235788106918335
000201.pcd,VRU_Adult,11.522299826145177,0.83,2.3632926642894745,0.75,-3.389305099844932,1.59,3.135377476135484,0.323403000831604
000202.pcd,VRU_Adult_Using_Non-Motorized_Device/Prop_Other,22.11994263785226,0.97,-27.8334892817906,1.56,-3.0587662288120816,1.68,133.55482495823375,0.7456158399581909
000202.pcd,VRU_Adult,11.479562759399418,0.83,2.3660209519522533,0.75,-3.3532124246869763,1.59,1.7930257644027163,0.3443581759929657
000203.pcd,VRU_Adult_Using_Non-Motorized_Device/Prop_Other,22.101656913757328,0.97,-27.832191868832243,1.56,-3.139722698613217,1.68,140.6933675792419,0.7365765571594238
000203.pcd,VRU_Adult,11.475355386734014,0.83,2.417693436145779,0.75,-3.330687363942463,1.59,-4.542489808787915,0.35500386357307434
000204.pcd,VRU_Adult_Using_Non-Motorized_Device/Prop_Other,22.070102635551905,0.97,-27.80700431150549,1.56,-3.164409272810992,1.68,139.8798119131791,0.7269420623779297
000205.pcd,VRU_Adult_Using_Non-Motorized_Device/Prop_Other,22.08522556849889,0.97,-27.79967389787947,1.56,-3.0498326778411866,1.68,141.07840327347787,0.7333908081054688
000206.pcd,VRU_Adult_Using_Non-Motorized_Device/Prop_Other,22.067448192172584,0.97,-27.793581962585453,1.56,-3.0304309063487582,1.68,149.63158466957995,0.7431991696357727
000206.pcd,VRU_Adult_Using_Bicycle,11.317249738253084,0.89,2.578308362227218,1.53,-3.355952464617215,1.38,-9.366874997405217,0.5385347604751587
000207.pcd,VRU_Adult_Using_Non-Motorized_Device/Prop_Other,22.062882400140534,0.97,-27.786213432870266,1.56,-3.0668090843572853,1.68,148.58107528254476,0.7494200468063354
000208.pcd,VRU_Adult_Using_Non-Motorized_Device/Prop_Other,22.04499439759688,0.97,-27.78593982349743,1.56,-3.0369235331361946,1.68,145.9480930112956,0.7623968720436096
000209.pcd,VRU_Adult_Using_Non-Motorized_Device/Prop_Other,22.023559427261354,0.97,-27.77881951332093,1.56,-3.0325145184993745,1.68,142.18295484228855,0.7600288987159729
000210.pcd,VRU_Adult_Using_Non-Motorized_Device/Prop_Other,22.016124997820175,0.97,-27.771962901524137,1.56,-2.9929718358176096,1.68,149.74101213079285,0.7692832946777344
000210.pcd,VRU_Adult,11.253818952120271,0.83,2.793827203603889,0.75,-3.351017071650577,1.59,-2.814773141947942,0.5184730887413025
000211.pcd,VRU_Adult_Using_Non-Motorized_Device/Prop_Other,22.010098480596778,0.97,-27.744946921744003,1.56,-3.0937047586208437,1.68,125.79100715438148,0.7484315037727356
000212.pcd,VRU_Adult_Using_Non-Motorized_Device/Prop_Other,22.017981075105215,0.97,-27.74558798472087,1.56,-2.9909145094099503,1.68,133.05806267931288,0.749201238155365
000212.pcd,VRU_Adult,11.228868777935325,0.83,2.9072462778825043,0.75,-3.358142889462984,1.59,-2.0967393941450236,0.451897531747818
000212.pcd,VRU_Adult_Using_Non-Motorized_Device/Prop_Other,21.99230742454529,0.97,-27.27305769920349,1.56,-3.829484045505521,1.68,-92.9646917438686,0.3147193491458893
000213.pcd,VRU_Adult_Using_Non-Motorized_Device/Prop_Other,22.014079139346173,0.97,-27.738946869259795,1.56,-3.037148191815331,1.68,131.97110480553798,0.7565069794654846
000213.pcd,VRU_Adult_Using_Non-Motorized_Device/Prop_Other,21.99144077301026,0.97,-27.22495079040528,1.56,-3.827142119407652,1.68,-98.74300902617887,0.30968204140663147
000213.pcd,VRU_Adult,11.228824982276336,0.83,2.9765607577103816,0.75,-3.3524800814115077,1.59,2.8314117047952485,0.30942487716674805
000214.pcd,VRU_Adult_Using_Non-Motorized_Device/Prop_Other,21.999382872330518,0.97,-27.722189501712204,1.56,-2.9899532543985465,1.68,126.97303765071132,0.7635759711265564
000214.pcd,VRU_Adult,11.206084489822393,0.83,3.0410248835881553,0.75,-3.3382527430852242,1.59,-8.872591266295387,0.42172542214393616
000215.pcd,VRU_Adult_Using_Non-Motorized_Device/Prop_Other,22.022921895980836,0.97,-27.723513364791877,1.56,-3.064190870523453,1.68,124.50304018003511,0.78448086977005
000215.pcd,VRU_Adult,11.213564634323122,0.83,3.0964015324910474,0.75,-3.361598968505858,1.59,1.6568446109933994,0.5624913573265076
000216.pcd,VRU_Adult_Using_Non-Motorized_Device/Prop_Other,21.982428693771364,0.97,-27.717177724838262,1.56,-3.0570154964923857,1.68,129.18624187565243,0.7743582725524902
000216.pcd,VRU_Adult,11.179749091466276,0.83,3.1413205265998845,0.75,-3.344317038853962,1.59,-7.65496554425078,0.5959095358848572
000217.pcd,VRU_Adult_Using_Non-Motorized_Device/Prop_Other,22.00124520521898,0.97,-27.70539914644682,1.56,-3.0380467634934645,1.68,126.44429865987013,0.77829509973526
000217.pcd,VRU_Adult,11.210032145182296,0.83,3.1742823719978337,0.75,-3.331193367640177,1.59,1.9034956616653638,0.5767504572868347
000218.pcd,VRU_Adult_Using_Non-Motorized_Device/Prop_Other,21.97693559600086,0.97,-27.67353043905119,1.56,-3.03606709038339,1.68,131.47426447379576,0.7774066925048828
000218.pcd,VRU_Adult,11.160173196059011,0.83,3.2093527317047092,0.75,-3.3584403624901396,1.59,-4.055086606190468,0.6243521571159363
000219.pcd,VRU_Adult_Using_Non-Motorized_Device/Prop_Other,22.001897176106773,0.97,-27.64147313435873,1.56,-3.1131800565964136,1.68,112.90703056036153,0.7683163285255432
000219.pcd,VRU_Adult,11.14695124192672,0.83,3.2454725395549415,0.75,-3.350678920745849,1.59,-6.109188375535231,0.538004994392395
000220.pcd,VRU_Adult_Using_Non-Motorized_Device/Prop_Other,21.970257940746492,0.97,-27.677864029293975,1.56,-3.1393684035255793,1.68,132.82362262694497,0.7392786741256714
000220.pcd,VRU_Adult,11.134777242487134,0.83,3.2682368105108064,0.75,-3.3093742457303126,1.59,-11.932554968438264,0.4708017408847809
000221.pcd,VRU_Adult_Using_Non-Motorized_Device/Prop_Other,21.974413130018448,0.97,-27.60396348105537,1.56,-3.079645262824165,1.68,110.82421826236997,0.7501060366630554
000221.pcd,VRU_Adult,11.116624593734747,0.83,3.337589959303537,0.75,-3.379580875237782,1.59,-4.080986166362557,0.5647650361061096
000222.pcd,VRU_Adult_Using_Non-Motorized_Device/Prop_Other,21.986564987584167,0.97,-27.550427687795544,1.56,-3.081954993699726,1.68,108.23941319483954,0.756606936454773
000222.pcd,VRU_Adult,11.058185430673458,0.83,3.374686277829682,0.75,-3.353523969650268,1.59,-4.164324875428468,0.6445519328117371
000223.pcd,VRU_Adult_Using_Non-Motorized_Device/Prop_Other,21.997485234187202,0.97,-27.457043770032058,1.56,-3.0420967737833657,1.68,96.19016668115451,0.7251415252685547
000223.pcd,VRU_Adult,11.01355665380305,0.83,3.3966981280933712,0.75,-3.301771619103171,1.59,-12.202872199933111,0.6123806238174438
000224.pcd,VRU_Adult_Using_Non-Motorized_Device/Prop_Other,21.97937665666853,0.97,-27.459033094133652,1.56,-3.008068200520107,1.68,120.02128668644141,0.7339150309562683
000224.pcd,VRU_Adult,10.958596467971804,0.83,3.461788376172382,0.75,-3.388253033161162,1.59,-5.752170718971708,0.616767942905426
000224.pcd,Passenger_Vehicle,10.912422361828035,2.6,21.410057067871094,5.08,-4.056522971107846,1.85,-67.90314996204054,0.7380333542823792
000224.pcd,VRU_Adult_Using_Non-Motorized_Device/Prop_Other,22.01561337709427,0.97,-27.446655213832855,1.56,-2.9746960550546637,1.68,110.97631715452356,0.6163027882575989
000225.pcd,VRU_Adult_Using_Non-Motorized_Device/Prop_Other,22.001520974295484,0.97,-27.409165627615796,1.56,-3.0538542475019184,1.68,112.37357503926161,0.7422451376914978
000225.pcd,VRU_Adult,10.951869283403672,0.83,3.5000313009534545,0.75,-3.3471795661108827,1.59,1.772931500202116,0.40719643235206604
000225.pcd,Passenger_Vehicle,11.173142576217653,2.6,20.148221588134767,5.08,-4.067063379287719,1.85,-68.77954244800014,0.8407577872276306
000225.pcd,VRU_Adult_Using_Non-Motorized_Device/Prop_Other,22.024198419907517,0.97,-27.400552861830768,1.56,-3.061536515460294,1.68,109.45281536504913,0.6187340021133423
000226.pcd,VRU_Adult_Using_Non-Motorized_Device/Prop_Other,22.000859286334066,0.97,-27.337951814806143,1.56,-3.146758698128365,1.68,102.49566118992182,0.7642320394515991
000226.pcd,VRU_Adult,10.945006779262004,0.83,3.554421033178056,0.75,-3.392897691045488,1.59,12.96213862919295,0.5102314949035645
000226.pcd,Passenger_Vehicle,11.478367996215823,2.6,19.067834949493406,5.08,-3.957556271553039,1.85,-70.87513949304739,0.814500629901886
000227.pcd,VRU_Adult_Using_Non-Motorized_Device/Prop_Other,21.98748588562012,0.97,-27.325456831190323,1.56,-3.0480492777294583,1.68,110.95804228963128,0.7340802550315857
000227.pcd,VRU_Adult,10.928283611933397,0.83,3.566642681757607,0.75,-3.348169922828674,1.59,4.050806413241861,0.5217310786247253
000227.pcd,Passenger_Vehicle,11.702456474304203,2.6,17.646776008605954,5.08,-3.9866179108619684,1.85,106.56057686362577,0.8024115562438965
000228.pcd,VRU_Adult_Using_Non-Motorized_Device/Prop_Other,21.99987328358186,0.97,-27.306459964850017,1.56,-2.9892913072537155,1.68,118.11860553704881,0.7514252662658691
000228.pcd,VRU_Adult,10.90503545907828,0.83,3.6188548711629998,0.75,-3.382225696857158,1.59,4.641156736713958,0.6208295226097107
000228.pcd,Passenger_Vehicle,12.098601281642916,2.6,15.842379629611969,5.08,-3.9385741651058193,1.85,113.42118053063743,0.7829212546348572
000229.pcd,VRU_Adult_Using_Non-Motorized_Device/Prop_Other,21.994450092315677,0.97,-27.242721774361357,1.56,-3.0290462645617398,1.68,121.09680707730513,0.72617107629776
000229.pcd,VRU_Adult,10.924568057060247,0.83,3.672055721282958,0.75,-3.341844365000724,1.59,52.930181443647754,0.6026655435562134
000229.pcd,Passenger_Vehicle,12.223429006688738,2.6,15.27582348094267,5.08,-3.9288757829105143,1.85,114.69349967423223,0.7829537987709045
000229.pcd,VRU_Adult_Using_Non-Motorized_Device/Prop_Other,22.002185954604037,0.97,-27.240116296812545,1.56,-3.022429970807807,1.68,119.28855416239792,0.604709804058075
000230.pcd,VRU_Adult_Using_Non-Motorized_Device/Prop_Other,22.00270875295004,0.97,-27.204862395922348,1.56,-3.03898161649704,1.68,144.7723007090566,0.723504364490509
000230.pcd,VRU_Adult,10.931418643278237,0.83,3.7519411479725546,0.75,-3.413339264252606,1.59,68.35411365217884,0.522131621837616
000230.pcd,Passenger_Vehicle,12.55269186837333,2.6,13.900675160544257,5.08,-3.805182031222752,1.85,118.64795829836811,0.8249204158782959
000230.pcd,VRU_Adult_Using_Non-Motorized_Device/Prop_Other,22.036349114917574,0.97,-27.212630408150808,1.56,-3.0737562122799096,1.68,134.3699871366115,0.6641675233840942
000231.pcd,VRU_Adult_Using_Non-Motorized_Device/Prop_Other,22.007621392971135,0.97,-27.15719181153833,1.56,-3.072908721319059,1.68,135.60291184011194,0.7275381684303284
000231.pcd,VRU_Adult,10.920905431111658,0.83,3.794430859883626,0.75,-3.301012865702311,1.59,90.36957413292633,0.4391387701034546
000231.pcd,Passenger_Vehicle,12.32493483392816,2.6,13.974043369293213,5.08,-3.786373897602683,1.85,-58.31046926662787,0.8053109049797058
000231.pcd,VRU_Adult_Using_Non-Motorized_Device/Prop_Other,22.020179891586306,0.97,-27.155378818511963,1.56,-3.0687953591346733,1.68,130.95154986069656,0.6593855619430542
000232.pcd,VRU_Adult_Using_Non-Motorized_Device/Prop_Other,22.010229682922365,0.97,-27.132853889465338,1.56,-3.0408088862895966,1.68,133.39458824281152,0.7253766655921936
000232.pcd,VRU_Adult,10.92414932250977,0.83,3.847213363647461,0.75,-3.3012356122334787,1.59,94.4224982492122,0.5368839502334595
000232.pcd,Passenger_Vehicle,12.554390597343446,2.6,13.043599843978882,5.08,-3.672472208738326,1.85,-56.68728444854009,0.8505586385726929
000232.pcd,VRU_Adult_Using_Non-Motorized_Device/Prop_Other,22.015636211488307,0.97,-27.135239345271412,1.56,-3.0256320616094072,1.68,128.60368167290446,0.6270873546600342
000233.pcd,VRU_Adult_Using_Non-Motorized_Device/Prop_Other,22.010418299082165,0.97,-27.11469820383433,1.56,-3.024392405071774,1.68,134.04137625030504,0.7542860507965088
000233.pcd,VRU_Adult,10.916655604044598,0.83,3.878902133305866,0.75,-3.3261741638183584,1.59,90.12556591025958,0.37410300970077515
000233.pcd,Passenger_Vehicle,13.006672427339376,2.6,11.898616664814499,5.08,-3.594795330515447,1.85,121.68683811282975,0.8509559631347656
000233.pcd,VRU_Adult_Using_Non-Motorized_Device/Prop_Other,22.03402966090611,0.97,-27.10907347542899,1.56,-3.034457104546682,1.68,126.49751622162667,0.6783064603805542
000234.pcd,VRU_Adult_Using_Non-Motorized_Device/Prop_Other,21.988819588555234,0.97,-27.0498402065701,1.56,-3.0459181520673964,1.68,127.14911805423286,0.7292577624320984
000234.pcd,VRU_Adult,10.941446887122263,0.83,3.918741239441764,0.75,-3.3500403298272023,1.59,90.89612085250546,0.4135761559009552
000234.pcd,Passenger_Vehicle,13.326388023517753,2.6,10.788082087481463,5.08,-3.568843135127315,1.85,117.37446044045831,0.8025932908058167
000235.pcd,VRU_Adult_Using_Non-Motorized_Device/Prop_Other,22.00738162529178,0.97,-27.0333623188298,1.56,-3.0239968823223577,1.68,133.2406243991808,0.7431619167327881
000235.pcd,VRU_Adult,10.915673136711124,0.83,3.9197783768177032,0.75,-3.324474304914474,1.59,97.77619532192911,0.3587580621242523
000235.pcd,Passenger_Vehicle,13.593913992245994,2.6,9.606865366299946,5.08,-3.57744347055753,1.85,112.51737943314876,0.8173559308052063
000236.pcd,VRU_Adult_Using_Non-Motorized_Device/Prop_Other,22.02416453154191,0.97,-26.980490186940074,1.56,-3.072800874710083,1.68,130.04056436025624,0.7026634812355042
000236.pcd,VRU_Adult,10.944181299209598,0.83,3.9441305637359605,0.75,-3.328618931770324,1.59,99.03474601714989,0.3778698444366455
000236.pcd,Passenger_Vehicle,13.876425107320152,2.6,8.73216387077614,5.08,-3.5323289147129766,1.85,99.93265985285586,0.808998167514801
000237.pcd,VRU_Adult_Using_Non-Motorized_Device/Prop_Other,22.0588633593391,0.97,-26.963967772091138,1.56,-3.0419912198010612,1.68,130.935720903024,0.7044755816459656
000237.pcd,VRU_Adult,10.92696242862278,0.83,3.9849000506930867,0.75,-3.3217979139751854,1.59,107.12479398205227,0.47767943143844604
000237.pcd,Passenger_Vehicle,13.898024343675184,2.6,7.592880448987406,5.08,-3.5688745667857504,1.85,88.05623529383118,0.7727251648902893
000238.pcd,VRU_Adult_Using_Non-Motorized_Device/Prop_Other,22.107403289440068,0.97,-26.931603054667633,1.56,-3.0584350186725002,1.68,124.8244283720266,0.7425707578659058
000238.pcd,VRU_Adult,10.937063722049492,0.83,4.00035067165599,0.75,-3.3027228888343356,1.59,115.944803136532,0.5021992921829224
000238.pcd,Passenger_Vehicle,14.09256836947273,2.6,7.004048950531903,5.08,-3.5719171411850867,1.85,90.67514035818468,0.8565794229507446
000239.pcd,VRU_Adult_Using_Non-Motorized_Device/Prop_Other,22.11310604640416,0.97,-26.89940496172224,1.56,-3.047800200326102,1.68,125.13353025220923,0.740241527557373
000239.pcd,VRU_Adult,10.941174707914659,0.83,3.996224102221036,0.75,-3.4256635967053857,1.59,109.4710857356995,0.4395524561405182
000239.pcd,Passenger_Vehicle,14.099026529412523,2.6,5.833627964320934,5.08,-3.61904690140172,1.85,91.23373512824608,0.8382405042648315
000239.pcd,VRU_Adult_Using_Non-Motorized_Device/Prop_Other,22.11310604640416,0.97,-26.899404961722237,1.56,-3.047800200326101,1.68,125.13353025221001,0.6677011251449585
000240.pcd,VRU_Adult_Using_Non-Motorized_Device/Prop_Other,22.14447217374235,0.97,-26.876366847270248,1.56,-3.017974756859444,1.68,126.11863671872337,0.7625729441642761
000240.pcd,VRU_Adult,10.966531101026037,0.83,4.036151911083019,0.75,-3.3184183647758076,1.59,116.75923969744632,0.5321517586708069
000240.pcd,Passenger_Vehicle,14.05967149501894,2.6,5.017705446336326,5.08,-3.5392509611641483,1.85,87.74623119210939,0.7777782678604126
000240.pcd,VRU_Adult,21.466373724095966,0.83,-21.7689744163962,0.75,-3.1406205331577968,1.59,97.58592407016366,0.6285496354103088
000241.pcd,VRU_Adult_Using_Non-Motorized_Device/Prop_Other,22.15912108951145,0.97,-26.849164803822838,1.56,-2.9733715852101645,1.68,147.5038650929233,0.7641875147819519
000241.pcd,VRU_Adult,10.980874864678638,0.83,4.0091254962118015,0.75,-3.3413943115033597,1.59,122.37793643966546,0.3487359285354614
000241.pcd,Passenger_Vehicle,14.262514877319338,2.6,4.271591186523437,5.08,-3.619619480768839,1.85,87.85692679110247,0.6973258852958679
000242.pcd,VRU_Adult_Using_Non-Motorized_Device/Prop_Other,22.173759732927596,0.97,-26.80843053545271,1.56,-3.0480249404907225,1.68,127.49325194317422,0.7674348950386047
000242.pcd,VRU_Adult,10.987869150498337,0.83,4.05566420274622,0.75,-3.3132077104905067,1.59,123.60599493606493,0.34944042563438416
000242.pcd,VRU_Adult,34.725917816162124,0.83,-43.92418956756594,0.75,-2.039432287216186,1.59,96.54824907479548,0.3115561306476593
000242.pcd,Passenger_Vehicle,14.377868047574674,2.6,3.3795234982560305,5.08,-3.673574976804779,1.85,79.82413471608074,0.693198025226593
000243.pcd,VRU_Adult_Using_Non-Motorized_Device/Prop_Other,22.19924746332942,0.97,-26.773956041078314,1.56,-3.0187666416168213,1.68,126.91060977599352,0.7456948161125183
000243.pcd,VRU_Adult,11.000606430901422,0.83,4.064785281817118,0.75,-3.3158276345994735,1.59,120.34572001397584,0.31708258390426636
000243.pcd,Passenger_Vehicle,14.443312810814902,2.6,2.833791355723919,5.08,-3.6979348244874366,1.85,86.90456549842878,0.6334211826324463
000244.pcd,VRU_Adult_Using_Non-Motorized_Device/Prop_Other,22.238571424742005,0.97,-26.75478806366792,1.56,-2.9750568866729736,1.68,136.42711615356941,0.743233859539032
000244.pcd,VRU_Adult,11.032808038923479,0.83,4.0803827047348005,0.75,-3.3191689650217686,1.59,-48.8199055003496,0.40631815791130066
000244.pcd,Passenger_Vehicle,14.46212211815087,2.6,2.186251686231508,5.08,-3.5460000038146964,1.85,85.39582160585284,0.561269998550415
000245.pcd,VRU_Adult_Using_Non-Motorized_Device/Prop_Other,22.250015796759193,0.97,-26.75406783666367,1.56,-2.9453527254936023,1.68,132.13212115384266,0.6925980448722839
000245.pcd,Passenger_Vehicle,14.449195501539444,2.6,1.377188877099086,5.08,-3.6354655636681446,1.85,92.8368528824978,0.7328252196311951
000245.pcd,VRU_Adult_Using_Non-Motorized_Device/Prop_Other,22.25001579675919,0.97,-26.754067836663662,1.56,-2.9453527254936014,1.68,132.13212115384255,0.6522891521453857
000246.pcd,VRU_Adult_Using_Non-Motorized_Device/Prop_Other,22.27689430930398,0.97,-26.700007987744883,1.56,-2.9890050454573203,1.68,110.85122349517684,0.7662777304649353
000246.pcd,VRU_Adult,11.078697907297238,0.83,4.124150301280773,0.75,-3.353970289230346,1.59,119.38955590110562,0.3080129623413086
000246.pcd,Passenger_Vehicle,14.554532866547074,2.6,0.9380133450031256,5.08,-3.490794423697651,1.85,85.61313163646312,0.673861563205719
000246.pcd,VRU_Adult_Using_Non-Motorized_Device/Prop_Other,22.27689430930398,0.97,-26.70000798774488,1.56,-2.9890050454573194,1.68,110.85122349517599,0.5981507301330566
000247.pcd,VRU_Adult_Using_Non-Motorized_Device/Prop_Other,22.302862460796653,0.97,-26.64092802390075,1.56,-2.938712804745405,1.68,126.02440042862722,0.6964098811149597
000247.pcd,VRU_Adult,6.988507270812995,0.83,-9.953090667724618,0.75,-3.927613067626953,1.59,-162.5489681598414,0.5136138796806335
000247.pcd,VRU_Adult,11.08107674121857,0.83,4.122180372476578,0.75,-3.337910875678062,1.59,-41.68308192217892,0.4520321190357208
000247.pcd,Passenger_Vehicle,14.608145829793573,2.6,0.1359747079880643,5.08,-3.4911336769928805,1.85,88.37607548368548,0.6708514094352722
000247.pcd,VRU_Adult_Using_Non-Motorized_Device/Prop_Other,22.302862460796653,0.97,-26.64092802390074,1.56,-2.938712804745404,1.68,126.02440042862713,0.5631527304649353
000248.pcd,VRU_Adult_Using_Non-Motorized_Device/Prop_Other,22.315641794449245,0.97,-26.626494187575126,1.56,-2.965083819169265,1.68,130.545517605932,0.7081405520439148
000248.pcd,VRU_Adult,6.8974545796712325,0.83,-10.191335360209157,0.75,-3.877535899480184,1.59,4.285950532069857,0.3954277038574219
000248.pcd,VRU_Adult,11.090233394077847,0.83,4.161777751786366,0.75,-3.3163160937173015,1.59,-45.81849347647236,0.33659231662750244
000248.pcd,Passenger_Vehicle,14.446305547441757,2.6,-0.489739951552893,5.08,-3.5698272074971875,1.85,-84.7276118133733,0.6967554092407227
000248.pcd,VRU_Adult_Using_Non-Motorized_Device/Prop_Other,22.315641794449245,0.97,-26.62649418757512,1.56,-2.9650838191692643,1.68,130.54551760593216,0.6274973750114441
000249.pcd,VRU_Adult_Using_Non-Motorized_Device/Prop_Other,22.325346708297733,0.97,-26.555411815643318,1.56,-2.9781651556491853,1.68,118.22128458140111,0.6381562948226929
000249.pcd,VRU_Adult,11.107824598039906,0.83,4.186129110200064,0.75,-3.3233250379562373,1.59,-46.691798340991625,0.30345529317855835
000249.pcd,VRU_Adult,6.79286444187165,0.83,-10.390647649765024,0.75,-3.9828287959098825,1.59,110.56629118976961,0.30185049772262573
000249.pcd,Passenger_Vehicle,14.328292614076199,2.6,-1.4285375011585115,5.08,-3.586441889041807,1.85,79.37893746808376,0.7766168713569641
000249.pcd,VRU_Adult_Using_Non-Motorized_Device/Prop_Other,22.325346708297733,0.97,-26.55541181564331,1.56,-2.978165155649185,1.68,118.22128458140133,0.6404590010643005
000250.pcd,VRU_Adult,6.6856158574422295,0.83,-10.72229798634848,0.75,-3.9823997815450043,1.59,73.07740536629424,0.6886726021766663
000250.pcd,VRU_Adult_Using_Non-Motorized_Device/Prop_Other,22.342210728189226,0.97,-26.504653806271765,1.56,-2.93866154940232,1.68,125.57454952809744,0.6769893169403076
000250.pcd,VRU_Adult,11.127687386104043,0.83,4.2012827396392805,0.75,-3.330025928361074,1.59,-43.9293961100054,0.4292336702346802
000250.pcd,Passenger_Vehicle,14.359815223544254,2.6,-1.7784446264233686,5.08,-3.551259424172195,1.85,-92.04793433172671,0.8007676601409912
000250.pcd,VRU_Adult_Using_Non-Motorized_Device/Prop_Other,22.342210728189226,0.97,-26.50465380627176,1.56,-2.9386615494023194,1.68,125.57454952809775,0.6056176424026489
000251.pcd,VRU_Adult_Using_Non-Motorized_Device/Prop_Other,22.363209131601696,0.97,-26.475568049662826,1.56,-2.8709114693306588,1.68,133.32268994684983,0.7659384608268738
000251.pcd,VRU_Adult,6.527010798454292,0.83,-11.102338552474986,0.75,-4.2863184213638315,1.59,-108.48171453895318,0.6974897980690002
000251.pcd,VRU_Adult,11.115744957557096,0.83,4.225920860583964,0.75,-3.3292972124539877,1.59,-46.56870820354913,0.5880659818649292
000251.pcd,Passenger_Vehicle,14.146335961683743,2.6,-2.2399989734843118,5.08,-3.624544885923277,1.85,-92.65388624252026,0.8068203330039978
000251.pcd,VRU_Adult_Using_Non-Motorized_Device/Prop_Other,22.363209131601696,0.97,-26.475568049662822,1.56,-2.8709114693306583,1.68,133.32268994684938,0.5980658531188965
000252.pcd,VRU_Adult_Using_Non-Motorized_Device/Prop_Other,22.371319369265912,0.97,-26.44357510616905,1.56,-2.8864085862511084,1.68,136.1043867099924,0.7309865951538086
000252.pcd,VRU_Adult,11.174869097196144,0.83,4.203452073610743,0.75,-3.3637248552762533,1.59,-27.028487700082422,0.5723244547843933
000252.pcd,Passenger_Vehicle,14.02153175952388,2.6,-2.94351218260971,5.08,-3.594289349574668,1.85,82.58912928372105,0.8130982518196106
000252.pcd,VRU_Adult_Using_Non-Motorized_Device/Prop_Other,22.37131936926591,0.97,-26.44357510616905,1.56,-2.8864085862511075,1.68,136.1043867099922,0.5235006809234619
000252.pcd,VRU_Adult,6.483126004536953,0.83,-10.83460521697999,0.75,-4.018887996673584,1.59,-75.73744888173064,0.50838702917099
000253.pcd,VRU_Adult_Using_Non-Motorized_Device/Prop_Other,22.384130879452357,0.97,-26.430959450571162,1.56,-2.9447820437581917,1.68,137.09874273882292,0.588783860206604
000253.pcd,VRU_Adult,11.883535226186124,0.83,-0.39970147609711165,0.75,-3.5628396073977147,1.59,-74.85807660506615,0.5731115341186523
000253.pcd,Passenger_Vehicle,13.741895233712548,2.6,-3.234699993598755,5.08,-3.5461132119341587,1.85,-87.29078584989077,0.7993119359016418
000253.pcd,VRU_Adult_Using_Non-Motorized_Device/Prop_Other,22.384130879452357,0.97,-26.430959450571162,1.56,-2.9447820437581913,1.68,137.09874273882323,0.6662253141403198
000254.pcd,VRU_Adult,11.61039325169155,0.83,0.5221957819802411,0.75,-3.510337931769234,1.59,-75.64637205360197,0.6883553862571716
000254.pcd,VRU_Adult_Using_Non-Motorized_Device/Prop_Other,22.3915988177788,0.97,-26.397492943740478,1.56,-2.9645563334953495,1.68,128.34796622850493,0.5955585837364197
000254.pcd,Passenger_Vehicle,13.290600458780927,2.6,-4.0035346519379384,5.08,-3.652290866488502,1.85,-76.71617940843376,0.3230046033859253
000254.pcd,Passenger_Vehicle,14.383145164040961,2.6,-3.5502728153677547,5.08,-3.442268567926743,1.85,-95.26217576203808,0.7950961589813232
000254.pcd,VRU_Adult_Using_Non-Motorized_Device/Prop_Other,22.391598817778796,0.97,-26.397492943740474,1.56,-2.964556333495349,1.68,128.34796622850558,0.6666145324707031
000255.pcd,VRU_Adult_Using_Non-Motorized_Device/Prop_Other,22.426522201961944,0.97,-26.35682386822171,1.56,-2.952416737874349,1.68,125.95483260392294,0.537940502166748
000255.pcd,VRU_Adult,11.766789772931272,0.83,-1.151492146884695,0.75,-3.5984948102165664,1.59,97.39977816984991,0.5316260457038879
000255.pcd,Passenger_Vehicle,13.66274889921531,2.6,-4.1161221540891235,5.08,-3.483427756871932,1.85,-82.20450546692689,0.7458896040916443
000255.pcd,VRU_Adult_Using_Non-Motorized_Device/Prop_Other,22.412894248962406,0.97,-26.356481853284333,1.56,-2.992247393256739,1.68,128.3504831443954,0.6551023721694946
000255.pcd,Passenger_Vehicle,13.532092771222516,2.6,-3.820189014557874,5.08,-3.5471418596083124,1.85,-100.54611104675212,0.6077106595039368
000255.pcd,VRU_Adult,6.096190738677987,0.83,-11.42069854736329,0.75,-4.432247161865235,1.59,39.85661727568745,0.3233279287815094
000256.pcd,VRU_Adult_Using_Non-Motorized_Device/Prop_Other,22.45065602948589,0.97,-26.335430945119555,1.56,-2.9144008005819013,1.68,119.65737895413399,0.6398236751556396
000256.pcd,VRU_Adult,11.877109792497428,0.83,-1.1273111369874746,0.75,-3.4050224622090655,1.59,-75.81932420302766,0.5657445788383484
000256.pcd,Passenger_Vehicle,13.699658880428395,2.6,-4.441911483297545,5.08,-3.31410839119736,1.85,-84.71806513195463,0.7946234941482544
000256.pcd,VRU_Adult_Using_Non-Motorized_Device/Prop_Other,22.45065602948589,0.97,-26.33543094511955,1.56,-2.914400800581901,1.68,119.65737895413419,0.648783266544342
000257.pcd,VRU_Adult_Using_Non-Motorized_Device/Prop_Other,22.520213127136234,0.97,-26.289880037307743,1.56,-2.893005445599556,1.68,128.08118471381349,0.6612442135810852
000257.pcd,VRU_Adult,11.808036080722156,0.83,-0.7783813887629055,0.75,-3.3942503518071665,1.59,-75.15119364448006,0.6111656427383423
000257.pcd,Passenger_Vehicle,13.594090366363528,2.6,-4.651606798171997,5.08,-3.3158696591854087,1.85,-81.25858731399512,0.7949788570404053
000257.pcd,Passenger_Vehicle,13.353941293863151,2.6,-4.9076242859546975,5.08,-3.356749598796551,1.85,-93.82446962161433,0.6548616290092468
000257.pcd,VRU_Adult_Using_Non-Motorized_Device/Prop_Other,22.52021312713623,0.97,-26.28988003730774,1.56,-2.893005445599555,1.68,128.08118471381314,0.5135219693183899
000258.pcd,VRU_Adult_Using_Non-Motorized_Device/Prop_Other,22.531710505485538,0.97,-26.293201923370365,1.56,-2.970850646495819,1.68,131.6852800452575,0.6223763227462769
000258.pcd,VRU_Adult,11.728474555477021,0.83,-1.8201761014999913,0.75,-3.4974344545795066,1.59,96.52771825396746,0.5824315547943115
000258.pcd,Passenger_Vehicle,13.46551036834717,2.6,-5.082325467696559,5.08,-3.5502008933287397,1.85,-84.82234741981105,0.7735646963119507
000258.pcd,Passenger_Vehicle,12.917524779715192,2.6,-5.573484816202306,5.08,-3.6104990040383687,1.85,-102.27303721104087,0.6675135493278503
000258.pcd,VRU_Adult_Using_Non-Motorized_Device/Prop_Other,22.531710505485535,0.97,-26.29320192337036,1.56,-2.970850646495818,1.68,131.68528004525774,0.5076485872268677
000259.pcd,VRU_Adult_Using_Non-Motorized_Device/Prop_Other,22.554334871696707,0.97,-26.259844808867488,1.56,-2.958330978046764,1.68,140.09874500794976,0.7160512804985046
000259.pcd,VRU_Adult,11.566628932952883,0.83,-1.062804102897646,0.75,-3.54165768623352,1.59,-77.89371623339946,0.6408870816230774
000259.pcd,Passenger_Vehicle,13.382889446459322,2.6,-5.459726157941319,5.08,-3.5142039625268224,1.85,-90.84435768901272,0.765669584274292
000259.pcd,Passenger_Vehicle,12.691214594347725,2.6,-5.929186229048109,5.08,-3.6751295862526736,1.85,-101.14256977051159,0.5569524168968201
000259.pcd,VRU_Adult_Using_Non-Motorized_Device/Prop_Other,22.57441277937456,0.97,-26.21276127208363,1.56,-3.000326597329341,1.68,55.32638553351148,0.5065476894378662
000260.pcd,VRU_Adult,11.57394221850804,0.83,-1.9322890554155645,0.75,-3.4972262637955795,1.59,-78.80659105372143,0.7524797320365906
000260.pcd,VRU_Adult_Using_Non-Motorized_Device/Prop_Other,22.59511059522629,0.97,-26.22876298427582,1.56,-2.91788712143898,1.68,137.4219719879201,0.709867537021637
000260.pcd,Passenger_Vehicle,13.299772138180943,2.6,-5.780661935391634,5.08,-3.676411991534025,1.85,-89.98786207946466,0.7822281122207642
000260.pcd,VRU_Adult_Using_Non-Motorized_Device/Prop_Other,22.595110595226288,0.97,-26.228762984275818,1.56,-2.9178871214389797,1.68,137.42197198792,0.6951414346694946
000260.pcd,Passenger_Vehicle,12.553190253501718,2.6,-6.29854948576107,5.08,-3.696270842884862,1.85,-108.95168703421737,0.5786459445953369
000261.pcd,VRU_Adult,11.511834506330821,0.83,-1.6811998137112334,0.75,-3.4861062724014804,1.59,-79.16632569404351,0.867981493473053
000261.pcd,VRU_Adult_Using_Non-Motorized_Device/Prop_Other,22.648421859741216,0.97,-26.208611615498864,1.56,-2.8896198590596516,1.68,134.89875474981778,0.6117077469825745
000261.pcd,Passenger_Vehicle,13.183035175005598,2.6,-6.0902276039123535,5.08,-3.6311285396416975,1.85,81.0185285970116,0.7169331908226013
000261.pcd,VRU_Adult_Using_Non-Motorized_Device/Prop_Other,22.661551048015728,0.97,-26.149183733709926,1.56,-2.9388001540611524,1.68,73.95905389855984,0.6401703357696533
000262.pcd,VRU_Adult,11.67862076913157,0.83,-2.4620527913493517,0.75,-3.4572803281968634,1.59,95.22183097774285,0.8478900790214539
000262.pcd,VRU_Adult_Using_Non-Motorized_Device/Prop_Other,22.645506620407108,0.97,-26.182771742343906,1.56,-2.9179476276040077,1.68,139.9485103434571,0.6566095948219299
000262.pcd,VRU_Adult_Using_Non-Motorized_Device/Prop_Other,22.63748510952654,0.97,-26.14242481363231,1.56,-2.9296494927899586,1.68,78.94957675325283,0.6241059303283691
000263.pcd,VRU_Adult,11.497686100006108,0.83,-2.6795415401458773,0.75,-3.520717112223307,1.59,93.71146723525729,0.7252295017242432
000263.pcd,VRU_Adult_Using_Non-Motorized_Device/Prop_Other,22.691707229614263,0.97,-26.1769547144572,1.56,-2.9276976505915324,1.68,133.74103372284918,0.4419834315776825
000263.pcd,VRU_Adult_Using_Non-Motorized_Device/Prop_Other,22.71267469998064,0.97,-26.104613600106074,1.56,-3.007561946737354,1.68,74.11609247683172,0.6604973077774048
000263.pcd,Passenger_Vehicle,11.252312860990827,2.6,-7.824716066059317,5.08,-3.6803891031365645,1.85,52.7412123541122,0.551077127456665
000263.pcd,Passenger_Vehicle,10.811820693638017,2.6,-8.164241396862531,5.08,-3.7156438723854386,1.85,37.60984691209192,0.5473077893257141
000264.pcd,VRU_Adult_Using_Non-Motorized_Device/Prop_Other,22.711143830243284,0.97,-26.13526894064511,1.56,-2.893895955646739,1.68,137.50585877589577,0.6837713122367859
000264.pcd,VRU_Adult,11.574016316731774,0.83,-2.9831568559010835,0.75,-3.443056146303812,1.59,94.53726039940275,0.6629952192306519
000264.pcd,Passenger_Vehicle,11.132815035378062,2.6,-7.918364420169741,5.08,-3.6191589948607654,1.85,51.10842898651694,0.6390562653541565
000264.pcd,VRU_Adult_Using_Non-Motorized_Device/Prop_Other,22.745654218337116,0.97,-26.063287342295926,1.56,-3.0400140706230605,1.68,69.96854760336292,0.6376879811286926
000265.pcd,VRU_Adult_Using_Non-Motorized_Device/Prop_Other,22.706052595569243,0.97,-26.084242789976063,1.56,-2.899027678274339,1.68,139.2901746396399,0.6735512018203735
000265.pcd,VRU_Adult,11.66446350560044,0.83,-2.9395538965861014,0.75,-3.4360103173689405,1.59,95.30717989418197,0.6729657053947449
000265.pcd,VRU_Adult_Using_Non-Motorized_Device/Prop_Other,22.736238190622043,0.97,-26.00179689580744,1.56,-2.9972437295046714,1.68,70.93760310613787,0.695938229560852
000265.pcd,Passenger_Vehicle,11.485693871974947,2.6,-7.972711622715,5.08,-3.6225574389100075,1.85,-127.59281942771446,0.6654151678085327
000266.pcd,VRU_Adult,11.733809211037379,0.83,-3.9259206381711107,0.75,-3.566040786829861,1.59,94.90883301469171,0.7471027374267578
000266.pcd,VRU_Adult_Using_Non-Motorized_Device/Prop_Other,22.72971445322037,0.97,-26.079764068126682,1.56,-2.9026670008897786,1.68,138.27840797456196,0.6212575435638428
000266.pcd,VRU_Adult_Using_Non-Motorized_Device/Prop_Other,22.756203539231244,0.97,-25.998649148380053,1.56,-2.9990253308240096,1.68,74.68172788560047,0.6932148337364197
000266.pcd,Passenger_Vehicle,11.519735458569652,2.6,-8.070023891253353,5.08,-3.7120213386340017,1.85,-133.19428754819995,0.6644682884216309
000266.pcd,VRU_Adult,5.105399767557787,0.83,-13.41755199432374,0.75,-4.018829504648844,1.59,-0.16610238959885937,0.30675193667411804
000267.pcd,VRU_Adult,11.468083347593037,0.83,-2.7886169978550526,0.75,-3.578731213297162,1.59,93.94366564019552,0.8152125477790833
000267.pcd,VRU_Adult_Using_Non-Motorized_Device/Prop_Other,22.753775826815904,0.97,-26.043169942395444,1.56,-2.9428291238587483,1.68,144.3230027358014,0.5828018188476562
000267.pcd,VRU_Adult_Using_Non-Motorized_Device/Prop_Other,22.766762937818253,0.97,-25.962120260511124,1.56,-3.041547034467969,1.68,69.50031059018647,0.640773594379425
000267.pcd,Passenger_Vehicle,10.771184802055362,2.6,-8.291906341910366,5.08,-3.645271010696888,1.85,35.744186582057516,0.5997548699378967
000268.pcd,VRU_Adult,11.463141577584407,0.83,-2.7446292298180746,0.75,-3.541574597358703,1.59,94.0168690760801,0.7977553606033325
000268.pcd,VRU_Adult_Using_Non-Motorized_Device/Prop_Other,22.780236767184352,0.97,-26.001335390152473,1.56,-2.9075003285561842,1.68,134.40052844119387,0.5240491628646851
000268.pcd,Passenger_Vehicle,10.930355378559662,2.6,-8.292002882276268,5.08,-3.649845063686371,1.85,-137.4742305841463,0.6458972692489624
000268.pcd,Passenger_Vehicle,10.020582079887394,2.6,-9.399917021393778,5.08,-3.8914058730006214,1.85,98.1298439082194,0.5612410306930542
000269.pcd,VRU_Adult,11.562532621271473,0.83,-2.8924315676969665,0.75,-3.5874732802895934,1.59,94.24906496187093,0.8177130222320557
000269.pcd,VRU_Adult_Using_Non-Motorized_Device/Prop_Other,22.767009119833673,0.97,-25.939996042559226,1.56,-2.906849022834532,1.68,137.02521137850263,0.4870328903198242
000269.pcd,Passenger_Vehicle,10.078899383544924,2.6,-9.324979488666242,5.08,-3.817260861396789,1.85,100.15866251026675,0.6734762191772461
000269.pcd,Passenger_Vehicle,11.082048088312153,2.6,-8.225895330309873,5.08,-3.65040023624897,1.85,-139.94821353642618,0.6375124454498291
000270.pcd,VRU_Adult,11.471445329727668,0.83,-2.475315586213147,0.75,-3.5826235202050976,1.59,94.0368521478509,0.7083377838134766
000270.pcd,VRU_Adult_Using_Non-Motorized_Device/Prop_Other,22.837527490431267,0.97,-25.831433388494677,1.56,-3.03636618583433,1.68,53.896344268198355,0.4476790428161621
000270.pcd,Passenger_Vehicle,10.895463085174564,2.6,-8.373404248555508,5.08,-3.6191945632298785,1.85,-141.43246106043878,0.8058875799179077
000271.pcd,VRU_Adult,11.438594747472697,0.83,-2.0577668967070455,0.75,-3.573053359985351,1.59,-79.86674285897962,0.8034061789512634
000271.pcd,VRU_Adult,4.5278387069702175,0.83,-14.26492725719105,0.75,-3.6094896359877144,1.59,-25.95652956312749,0.4969715178012848
000271.pcd,VRU_Adult_Using_Non-Motorized_Device/Prop_Other,22.86373312813895,0.97,-25.800225721086775,1.56,-3.074317829949515,1.68,40.79551561681464,0.42762836813926697
000271.pcd,Passenger_Vehicle,10.819901959649451,2.6,-8.311735876675314,5.08,-3.5357167638581375,1.85,-142.95882392319413,0.7678692936897278
000271.pcd,Passenger_Vehicle,10.15865491231283,2.6,-9.182753849029542,5.08,-3.7342363198598223,1.85,87.92064107497283,0.6501042246818542
000272.pcd,VRU_Adult,11.501155676665133,0.83,-2.976714858302367,0.75,-3.6389776689034914,1.59,93.55080411605124,0.7306897640228271
000272.pcd,VRU_Adult,4.490209698677072,0.83,-14.739477872848521,0.75,-4.105554699897767,1.59,46.056854822708274,0.5025804042816162
000272.pcd,VRU_Adult,4.434722276834346,0.83,-14.464710235595703,0.75,-3.6903883310464707,1.59,-82.8040019152827,0.4884916841983795
000272.pcd,VRU_Adult_Using_Non-Motorized_Device/Prop_Other,22.849243746863475,0.97,-25.76282289293077,1.56,-3.040123330222235,1.68,-148.6565992688716,0.44096288084983826
000272.pcd,Passenger_Vehicle,10.752667052405224,2.6,-8.41362295831953,5.08,-3.662369336400713,1.85,-142.26530484089375,0.7429525256156921
000272.pcd,VRU_Adult,10.113050903592795,0.83,-9.424436415944784,0.75,-3.90959905726569,1.59,75.742691345837,0.709002673625946
000273.pcd,VRU_Adult,11.366594243932655,0.83,-1.666684433265971,0.75,-3.5494508213467064,1.59,-80.32597667316998,0.6061512231826782
000273.pcd,VRU_Adult,4.385622941530674,0.83,-14.605967448307922,0.75,-3.7192133940183187,1.59,-95.30116189093533,0.5466326475143433
000273.pcd,VRU_Adult_Using_Non-Motorized_Device/Prop_Other,22.8450681898329,0.97,-25.73098044925266,1.56,-2.9905054304334846,1.68,-169.64471355118476,0.3487006425857544
000273.pcd,VRU_Adult_Using_Bicycle,22.996996327450404,0.89,-25.744030601099922,1.53,-3.244260160546554,1.38,77.69214126159613,0.43142253160476685
000273.pcd,Passenger_Vehicle,10.767495075861616,2.6,-8.220117668310808,5.08,-3.595726877450943,1.85,-140.4626075043082,0.7922924160957336
000273.pcd,Passenger_Vehicle,9.988785884998467,2.6,-9.363938384585913,5.08,-3.8424512633570913,1.85,84.57108567059008,0.7885723114013672
000274.pcd,VRU_Adult,11.492160665577858,0.83,-2.4556950042987733,0.75,-3.6071667588990306,1.59,93.81709371229667,0.7682790756225586
000274.pcd,VRU_Adult,4.3698770999908545,0.83,-14.985581874847423,0.75,-4.160084187984467,1.59,41.830254066278385,0.709739089012146
000274.pcd,VRU_Adult,4.369190255800885,0.83,-14.725182771682745,0.75,-3.7554407318433114,1.59,-84.52505589757953,0.5105661153793335
000274.pcd,VRU_Adult_Using_Non-Motorized_Device/Prop_Other,22.78049505910566,0.97,-25.72575169224893,1.56,-2.8645004226315405,1.68,126.32420473022371,0.46433863043785095
000274.pcd,VRU_Adult,4.4065795898437585,0.83,-14.658849716186534,0.75,-3.1462374687194825,1.59,-13.088473469504258,0.36275023221969604
000274.pcd,Passenger_Vehicle,10.741489640597644,2.6,-8.450784173505065,5.08,-3.702153468954152,1.85,-140.46688063128713,0.7849101424217224
000274.pcd,VRU_Adult,10.078334843670882,0.83,-9.467520766788061,0.75,-3.905575893543384,1.59,67.39290856356183,0.7418046593666077
000275.pcd,VRU_Adult,11.514037208557134,0.83,-3.077103862762454,0.75,-3.658721189498901,1.59,93.33480333334755,0.77250075340271
000275.pcd,VRU_Adult,4.330068501559176,0.83,-14.761183305220175,0.75,-3.488337104970758,1.59,-30.645716137040075,0.5506431460380554
000275.pcd,VRU_Adult_Using_Non-Motorized_Device/Prop_Other,22.865184783935547,0.97,-25.640316809377364,1.56,-2.940596503596151,1.68,44.486492032633585,0.4089120030403137
000275.pcd,VRU_Adult,4.343304038047799,0.83,-14.75785803794862,0.75,-3.186462640762329,1.59,163.79821853538903,0.313741534948349
000275.pcd,Passenger_Vehicle,10.681110523365167,2.6,-8.35019026862251,5.08,-3.632124997951366,1.85,-144.80582448368403,0.838876485824585
000275.pcd,Passenger_Vehicle,10.118793146950862,2.6,-9.411971620150977,5.08,-3.861156489167894,1.85,70.85636934810536,0.7452221512794495
000276.pcd,VRU_Adult,11.444147893360684,0.83,-1.8347517592566376,0.75,-3.585807008402688,1.59,-79.84142562901516,0.6972342729568481
000276.pcd,VRU_Adult,4.249468122209825,0.83,-14.87339612415859,0.75,-3.6317840644291457,1.59,-20.001502196516057,0.48821109533309937
000276.pcd,VRU_Adult_Using_Non-Motorized_Device/Prop_Other,22.923443094889322,0.97,-25.567902501424154,1.56,-3.0244281609853103,1.68,47.52727797415047,0.33021634817123413
000276.pcd,VRU_Adult,4.252499633365215,0.83,-14.871413760715074,0.75,-3.24748518731859,1.59,163.4546364924,0.3016667366027832
000276.pcd,Passenger_Vehicle,10.602399723870418,2.6,-8.487652199608943,5.08,-3.6631284526416237,1.85,-138.0566180684272,0.7841076850891113
000276.pcd,Passenger_Vehicle,10.13607850568048,2.6,-9.428058805136844,5.08,-3.8706570493763888,1.85,61.05735483176437,0.6528787016868591
000277.pcd,VRU_Adult,11.569197796009208,0.83,-3.9018148669490107,0.75,-3.682585265901353,1.59,93.27835712660452,0.7816580533981323
000277.pcd,VRU_Adult,4.213484406471255,0.83,-14.952308654785156,0.75,-3.557376623153686,1.59,171.97570535299252,0.6128621101379395
000277.pcd,VRU_Adult_Using_Bicycle,22.929397829117317,0.89,-25.558758581838305,1.53,-3.0804347607397267,1.38,99.94442617018917,0.3639262020587921
000277.pcd,Passenger_Vehicle,10.630584839851629,2.6,-8.381379404375636,5.08,-3.6791369838099324,1.85,-141.97043562055913,0.776090681552887
000277.pcd,Passenger_Vehicle,10.141891309193207,2.6,-9.480541382517137,5.08,-3.9367285370826717,1.85,62.433739602449776,0.7368934154510498
000278.pcd,VRU_Adult,11.4646464415959,0.83,-1.860353095190867,0.75,-3.5504288588251383,1.59,-79.94646826932583,0.7572914361953735
000278.pcd,VRU_Adult,4.157100287350747,0.83,-15.036269708113236,0.75,-3.499561699953944,1.59,175.39302179056935,0.6123224496841431
000278.pcd,VRU_Adult_Using_Bicycle,22.94100602467855,0.89,-25.523541386922204,1.53,-2.9475452502568564,1.38,138.12677636832225,0.5060970187187195
000278.pcd,Passenger_Vehicle,10.610940756621188,2.6,-8.405262911761254,5.08,-3.665655780721594,1.85,-141.2501209189758,0.7720161080360413
000278.pcd,Passenger_Vehicle,9.949385200228013,2.6,-9.379597084862848,5.08,-3.8929818953786572,1.85,94.10745141972768,0.7141491770744324
000279.pcd,VRU_Adult,11.622082123389614,0.83,-4.724584469428432,0.75,-3.735342961091261,1.59,92.82965548712652,0.7694187760353088
000279.pcd,VRU_Adult_Using_Bicycle,22.984374753890503,0.89,-25.47738130630986,1.53,-2.9269424407712874,1.38,98.20599729039532,0.5357255339622498
000279.pcd,Passenger_Vehicle,10.77622936617944,2.6,-8.24903411249961,5.08,-3.720934537149245,1.85,-142.47183698625173,0.7515597939491272
000279.pcd,Passenger_Vehicle,10.13624889510019,2.6,-9.438951747758049,5.08,-3.933766194752284,1.85,83.68572570614214,0.7040443420410156
000280.pcd,VRU_Adult,11.463886322513707,0.83,-2.0765510682136816,0.75,-3.586169158258745,1.59,-80.1371777019132,0.7600142359733582
000280.pcd,VRU_Adult_Using_Non-Motorized_Device/Prop_Other,22.981718410145156,0.97,-25.464308998801496,1.56,-2.8222469994516084,1.68,127.04539162644843,0.6426684856414795
000280.pcd,VRU_Adult,4.027032920292451,0.83,-15.164321013859348,0.75,-3.659065944807869,1.59,5.703463582199078,0.36058831214904785
000280.pcd,Passenger_Vehicle,10.792934894561771,2.6,-8.370382274900168,5.08,-3.6121440274374828,1.85,-141.36186637849934,0.7481911778450012
000280.pcd,Passenger_Vehicle,10.132403691609703,2.6,-9.434431028366088,5.08,-3.8803606589635207,1.85,66.55407750906191,0.5870859026908875
000281.pcd,VRU_Adult,11.517246344993856,0.83,-2.514322297326453,0.75,-3.6251978380926713,1.59,93.62310231588039,0.7233388423919678
000281.pcd,VRU_Adult,4.180242697397877,0.83,-15.34311676025392,0.75,-4.173046906789144,1.59,-90.06869348586554,0.5950653553009033
000281.pcd,VRU_Adult_Using_Non-Motorized_Device/Prop_Other,22.980582237243656,0.97,-25.425651269800525,1.56,-2.866260731921477,1.68,125.13977474890257,0.5503482818603516
000281.pcd,Passenger_Vehicle,10.788964942649564,2.6,-8.392986032697893,5.08,-3.6400143482066967,1.85,-141.24906673390407,0.736745297908783
000281.pcd,Passenger_Vehicle,10.065747896830244,2.6,-9.3688792069753,5.08,-3.8228966474533075,1.85,71.50354060047525,0.6837607622146606
000282.pcd,VRU_Adult,11.600421562194827,0.83,-3.5795269870758077,0.75,-3.6607668876647943,1.59,93.24811256965549,0.6893222332000732
000282.pcd,VRU_Adult_Using_Non-Motorized_Device/Prop_Other,23.00746851953967,0.97,-25.396840391487913,1.56,-2.776928211080617,1.68,125.71672843812382,0.43225550651550293
000282.pcd,Passenger_Vehicle,10.739935568400796,2.6,-8.274873631341121,5.08,-3.6928205660411293,1.85,-142.8995664647727,0.7353082299232483
000282.pcd,Passenger_Vehicle,10.192416085137264,2.6,-9.46349675567062,5.08,-3.9510579903920484,1.85,77.09411553552481,0.6829144954681396
000282.pcd,VRU_Adult_Using_Non-Motorized_Device/Prop_Other,23.039055731988725,0.97,-25.41083723498929,1.56,-2.873135520565894,1.68,111.27463904251941,0.6654486656188965
000283.pcd,VRU_Adult,11.487814041876026,0.83,-2.1123198616889236,0.75,-3.5804978647539687,1.59,-80.44828357535542,0.760856568813324
000283.pcd,VRU_Adult_Using_Bicycle,23.042452609900277,0.89,-25.384502064098015,1.53,-2.8701698635563706,1.38,121.45789380062791,0.49359869956970215
000283.pcd,Passenger_Vehicle,10.80666413673988,2.6,-8.39188247460586,5.08,-3.617262601852417,1.85,-142.207234934178,0.7521076202392578
000283.pcd,VRU_Adult_Using_Non-Motorized_Device/Prop_Other,23.042452609900277,0.97,-25.384502064098015,1.56,-2.8701698635563697,1.68,121.45789380062789,0.7202001214027405
000283.pcd,Passenger_Vehicle,10.124607499440515,2.6,-9.370778195063274,5.08,-3.8590464512507117,1.85,75.07586155701456,0.6109681129455566
000284.pcd,VRU_Adult_Using_Non-Motorized_Device/Prop_Other,23.055691487080345,0.97,-25.393489889196452,1.56,-2.9637390600668416,1.68,131.65957487816723,0.6974113583564758
000284.pcd,VRU_Adult,11.472336830631383,0.83,-1.7019258314563406,0.75,-3.5703029555659134,1.59,-80.19487861054267,0.686558187007904
000284.pcd,VRU_Adult,3.8847164154052747,0.83,-15.491719341278076,0.75,-3.421436285972594,1.59,-19.372333801511047,0.3444034457206726
000284.pcd,Passenger_Vehicle,10.131627181480674,2.6,-9.448541690563335,5.08,-3.908561361247095,1.85,57.60394035669156,0.7576878666877747
000284.pcd,Passenger_Vehicle,10.599902766091486,2.6,-8.519867386136742,5.08,-3.6885421786989485,1.85,-139.96067154425788,0.7142617702484131
000284.pcd,VRU_Adult_Using_Non-Motorized_Device/Prop_Other,23.0589788610285,0.97,-25.33990143284653,1.56,-2.9259282097671964,1.68,100.5208574345512,0.6090381145477295
000285.pcd,VRU_Adult_Using_Non-Motorized_Device/Prop_Other,23.067907969156906,0.97,-25.315221415625683,1.56,-2.9826156364546885,1.68,111.56704951480839,0.813095211982727
000285.pcd,VRU_Adult,11.52666787178286,0.83,-2.1031028686031243,0.75,-3.561577020152922,1.59,-80.09111623214335,0.594994306564331
000285.pcd,Passenger_Vehicle,10.05250191688538,2.6,-9.427981955664501,5.08,-3.8819282225200102,1.85,62.55634019747056,0.780299186706543
000285.pcd,Passenger_Vehicle,10.825541672883212,2.6,-8.440969484823725,5.08,-3.6656102427729853,1.85,-141.9520184512594,0.7104922533035278
000285.pcd,VRU_Adult_Using_Non-Motorized_Device/Prop_Other,23.05989763813634,0.97,-25.265614478818833,1.56,-2.960010728528422,1.68,93.06376129158943,0.6061427593231201
000286.pcd,VRU_Adult_Using_Non-Motorized_Device/Prop_Other,23.077304840087894,0.97,-25.326851050059005,1.56,-3.074559893873003,1.68,132.88841780362694,0.814923107624054
000286.pcd,VRU_Adult,11.616642316182457,0.83,-3.458710705792464,0.75,-3.6796336350617582,1.59,93.34520736819056,0.6818742156028748
000286.pcd,VRU_Adult,3.8393453836441074,0.83,-15.586103725433356,0.75,-3.3104120254516594,1.59,-14.100310551914262,0.5060701966285706
000286.pcd,Passenger_Vehicle,10.175789997495459,2.6,-9.365724925337167,5.08,-3.892200445306712,1.85,89.26800072239102,0.7223668694496155
000286.pcd,Passenger_Vehicle,10.817372671763104,2.6,-8.272220023473107,5.08,-3.6893953323364257,1.85,-143.7370300696614,0.7153390645980835
000286.pcd,VRU_Adult_Using_Non-Motorized_Device/Prop_Other,23.08046863925073,0.97,-25.251527478618005,1.56,-3.0040482936366906,1.68,100.50797804331276,0.5964428782463074
000287.pcd,VRU_Adult_Using_Non-Motorized_Device/Prop_Other,23.08769342976232,0.97,-25.2555712423017,1.56,-2.946549646316036,1.68,121.09073584051158,0.6835803985595703
000287.pcd,VRU_Adult,11.596948280334477,0.83,-3.6067799091339134,0.75,-3.6668625068664547,1.59,92.96986887163322,0.6177152991294861
000287.pcd,VRU_Adult,3.8712965250015294,0.83,-15.628528594970707,0.75,-3.310419368743895,1.59,147.687780005844,0.3871350586414337
000287.pcd,VRU_Adult_Using_Bicycle,23.1356372833252,0.89,-24.647076924641933,1.53,-3.6880277593930564,1.38,-51.09975165172355,0.3228698968887329
000287.pcd,Passenger_Vehicle,10.79127564797035,2.6,-8.429066034463741,5.08,-3.697103408666758,1.85,-139.42958185819546,0.757946789264679
000287.pcd,Passenger_Vehicle,10.139085292816166,2.6,-9.394184525807699,5.08,-3.8922758897145586,1.85,79.65958823880729,0.729609489440918
000287.pcd,VRU_Adult_Using_Non-Motorized_Device/Prop_Other,23.090431571006775,0.97,-25.22318708896637,1.56,-2.9756373688578597,1.68,99.57854631719182,0.6068639159202576
000288.pcd,VRU_Adult,11.545207392784858,0.83,-2.091869554212017,0.75,-3.5641748212998907,1.59,-80.12793134696275,0.5951846241950989
000288.pcd,VRU_Adult_Using_Non-Motorized_Device/Prop_Other,23.09613240559896,0.97,-25.161552556355797,1.56,-2.9764698266983034,1.68,112.78082403920826,0.531288206577301
000288.pcd,VRU_Adult,3.8278240919113187,0.83,-15.647897911071777,0.75,-3.2667726039886467,1.59,-23.503937232993064,0.4993356466293335
000288.pcd,Passenger_Vehicle,10.712695248921715,2.6,-8.301573610305791,5.08,-3.6166328032811483,1.85,-144.57489587652478,0.7691571712493896
000288.pcd,Passenger_Vehicle,10.11174068450928,2.6,-9.434349807103477,5.08,-3.8860429048538196,1.85,51.13019118867308,0.7182047963142395
000289.pcd,VRU_Adult_Using_Non-Motorized_Device/Prop_Other,23.115644172385892,0.97,-25.11198135658547,1.56,-2.929105776327628,1.68,111.8898904611706,0.7285046577453613
000289.pcd,VRU_Adult,11.513469060262047,0.83,-2.2031772136688237,0.75,-3.5994381992905224,1.59,-80.68578198599269,0.5694167613983154
000289.pcd,VRU_Adult,3.8179330348968548,0.83,-15.68163995742798,0.75,-3.318575859069824,1.59,146.66441345173635,0.41897305846214294
000289.pcd,Passenger_Vehicle,10.572869124235934,2.6,-8.422553662900576,5.08,-3.670667886734009,1.85,-141.18783360049179,0.7544337511062622
000289.pcd,Passenger_Vehicle,10.124044554574153,2.6,-9.430659226008826,5.08,-3.8992264185632974,1.85,62.174552753499036,0.7028691172599792
000290.pcd,VRU_Adult_Using_Non-Motorized_Device/Prop_Other,23.142786324024204,0.97,-25.06006103754044,1.56,-2.9541170373559,1.68,108.69085611634354,0.7112315893173218
000290.pcd,VRU_Adult,11.603784441947942,0.83,-2.908940225839616,0.75,-3.632339239120483,1.59,93.07690824532406,0.6180214881896973
000290.pcd,VRU_Adult,3.798868107795716,0.83,-15.69645709991455,0.75,-3.325149798393249,1.59,144.813405113598,0.5397849082946777
000290.pcd,Passenger_Vehicle,10.628968315124517,2.6,-8.511057662963871,5.08,-3.70935133934021,1.85,-137.39922890488526,0.7585591673851013
000290.pcd,Passenger_Vehicle,10.16371583938599,2.6,-9.410394938786828,5.08,-3.905164178212483,1.85,62.71316099708365,0.6613418459892273
000290.pcd,VRU_Adult_Using_Non-Motorized_Device/Prop_Other,23.14300463276525,0.97,-25.0529171113045,1.56,-2.9605185908655955,1.68,104.81146541870591,0.5379117131233215
000291.pcd,VRU_Adult,11.530011431376142,0.83,-1.9419058879216549,0.75,-3.6006785392761227,1.59,-80.272937281168,0.6446771025657654
000291.pcd,VRU_Adult,3.750426459312442,0.83,-15.721728515625,0.75,-3.3379074096679666,1.59,163.02010951957945,0.6181004643440247
000291.pcd,VRU_Adult_Using_Non-Motorized_Device/Prop_Other,23.127572493119676,0.97,-24.983504497643676,1.56,-2.9739356113202646,1.68,101.83302773192293,0.475076824426651
000291.pcd,Passenger_Vehicle,10.8139363861084,2.6,-8.28399816513062,5.08,-3.687262468338013,1.85,-141.8939056799603,0.7557129263877869
000291.pcd,Passenger_Vehicle,10.229461634600606,2.6,-9.425297754782218,5.08,-3.936438269085354,1.85,70.33812589343854,0.687556803226471
000291.pcd,VRU_Adult_Using_Non-Motorized_Device/Prop_Other,23.127572493119672,0.97,-24.983504497643672,1.56,-2.973935611320264,1.68,101.83302773192295,0.6290249824523926
000292.pcd,VRU_Adult,11.544197368621829,0.83,-2.344127019246423,0.75,-3.591110436121622,1.59,-80.39476024998538,0.6574251651763916
000292.pcd,VRU_Adult_Using_Non-Motorized_Device/Prop_Other,23.17601977454292,0.97,-24.94703335232205,1.56,-2.980536811881595,1.68,91.00148439646537,0.6280521750450134
000292.pcd,VRU_Adult,3.7977434396743845,0.83,-15.728017044067382,0.75,-3.3284006595611553,1.59,144.40366781027876,0.5841063261032104
000292.pcd,Passenger_Vehicle,10.573042746513124,2.6,-8.440249135417327,5.08,-3.691238118756202,1.85,-140.78723080531387,0.7622091174125671
000292.pcd,Passenger_Vehicle,10.152460225423178,2.6,-9.369486300150555,5.08,-3.9028283516565954,1.85,73.10165059957794,0.7230361700057983
000292.pcd,VRU_Adult_Using_Non-Motorized_Device/Prop_Other,23.17601977454292,0.97,-24.947033352322048,1.56,-2.9805368118815947,1.68,91.00148439646517,0.6418623328208923
000293.pcd,VRU_Adult,11.529339294433596,0.83,-2.199083604812624,0.75,-3.623592100143432,1.59,-80.4601779981154,0.7079610824584961
000293.pcd,VRU_Adult_Using_Non-Motorized_Device/Prop_Other,23.167672566005166,0.97,-24.935037013462615,1.56,-2.941854040963309,1.68,89.5086246912989,0.6832606792449951
000293.pcd,VRU_Adult,3.762432813644417,0.83,-15.700478977627228,0.75,-3.280385388268363,1.59,-24.79639966168457,0.6457949876785278
000293.pcd,Passenger_Vehicle,10.576621770858768,2.6,-8.378750622272497,5.08,-3.6212288538614907,1.85,-142.2735354633133,0.7735669612884521
000293.pcd,Passenger_Vehicle,10.22342796325684,2.6,-9.386390145619712,5.08,-3.8836701711018877,1.85,50.57558524700785,0.7142374515533447
000293.pcd,VRU_Adult_Using_Non-Motorized_Device/Prop_Other,23.168364770071847,0.97,-24.934572655814033,1.56,-2.941379451751708,1.68,88.1561012425154,0.6057966351509094
000294.pcd,VRU_Adult,11.619264532018596,0.83,-3.076949260852962,0.75,-3.6459126825685844,1.59,93.30404383126508,0.7501575946807861
000294.pcd,VRU_Adult_Using_Non-Motorized_Device/Prop_Other,23.17916023731232,0.97,-24.87161320447922,1.56,-3.0462789982557297,1.68,84.76217798319793,0.7018772959709167
000294.pcd,VRU_Adult,3.768295526504522,0.83,-15.754542350769043,0.75,-3.3760293613780616,1.59,-24.28627895075399,0.6426717638969421
000294.pcd,Passenger_Vehicle,10.872070655822759,2.6,-8.328674240112306,5.08,-3.7168740177154542,1.85,-143.54766683269096,0.7807105779647827
000294.pcd,Passenger_Vehicle,10.150341647011896,2.6,-9.443978667259218,5.08,-3.9308540821075435,1.85,47.103563564475785,0.6383533477783203
000294.pcd,VRU_Adult_Using_Non-Motorized_Device/Prop_Other,23.179160237312317,0.97,-24.871613204479218,1.56,-3.046278998255729,1.68,84.76217798319686,0.6140056848526001
000295.pcd,VRU_Adult,11.571067531903587,0.83,-2.497296442588173,0.75,-3.6298850973447156,1.59,-80.29296945317324,0.7068489789962769
000295.pcd,VRU_Adult_Using_Non-Motorized_Device/Prop_Other,23.228846347693246,0.97,-24.881409731778234,1.56,-2.989733732107914,1.68,159.74676140572126,0.642138659954071
000295.pcd,VRU_Adult,3.798943948745734,0.83,-15.71868743896485,0.75,-3.3302745342254623,1.59,-30.331529360096432,0.5679961442947388
000295.pcd,VRU_Adult_Using_Bicycle,23.36036550998688,0.89,-24.507859468460087,1.53,-3.5119754374027257,1.38,-65.27877682414098,0.43713808059692383
000295.pcd,Passenger_Vehicle,10.780338204425318,2.6,-8.422157391257914,5.08,-3.709774463073067,1.85,-140.2783212708737,0.7535631060600281
000295.pcd,Passenger_Vehicle,10.11631234486898,2.6,-9.416180363407841,5.08,-3.890306914294207,1.85,67.42978541436824,0.7224336266517639
000295.pcd,VRU_Adult_Using_Non-Motorized_Device/Prop_Other,23.21471884942824,0.97,-24.7974413594892,1.56,-2.9925329685211177,1.68,84.32391856762771,0.6187396049499512
000296.pcd,VRU_Adult,11.609652189108045,0.83,-2.908506503471966,0.75,-3.6081983126126795,1.59,93.26605329649188,0.7450549602508545
000296.pcd,VRU_Adult,3.8021080493927064,0.83,-15.701926040649415,0.75,-3.3274165153503397,1.59,-29.721696863075813,0.653095006942749
000296.pcd,VRU_Adult_Using_Non-Motorized_Device/Prop_Other,23.26099329981311,0.97,-24.824674672093888,1.56,-3.0031822714312324,1.68,133.97770943333512,0.6152934432029724
000296.pcd,Passenger_Vehicle,10.751529905531143,2.6,-8.329409811231828,5.08,-3.6286345058017306,1.85,-143.4154024006642,0.7504516839981079
000296.pcd,Passenger_Vehicle,10.074916617075607,2.6,-9.381582244237267,5.08,-3.8739932060241693,1.85,74.72252529372723,0.7269293665885925
000296.pcd,VRU_Adult_Using_Non-Motorized_Device/Prop_Other,23.25857734680176,0.97,-24.798249280011213,1.56,-3.0036059132328736,1.68,102.2169680852585,0.5407663583755493
000297.pcd,VRU_Adult,11.55368232727051,0.83,-2.6654171861451292,0.75,-3.6077715363995777,1.59,93.16008558335446,0.7560914754867554
000297.pcd,VRU_Adult_Using_Non-Motorized_Device/Prop_Other,23.326662890116378,0.97,-24.774260902404787,1.56,-3.0114644845326746,1.68,115.57426567991341,0.6495701670646667
000297.pcd,VRU_Adult,3.8110155529446126,0.83,-15.68989372253418,0.75,-3.2795303397708446,1.59,-27.3465912732319,0.6262852549552917
000297.pcd,Passenger_Vehicle,10.697631934593465,2.6,-8.377599485989279,5.08,-3.6525044112369933,1.85,-141.21106102382123,0.7434899806976318
000297.pcd,Passenger_Vehicle,10.143691293124498,2.6,-9.460615371835642,5.08,-3.9058880559329325,1.85,62.99728314697475,0.6639955043792725
000297.pcd,VRU_Adult_Using_Non-Motorized_Device/Prop_Other,23.309979615388098,0.97,-24.747693097149885,1.56,-3.014660526204991,1.68,96.07288615481349,0.586514949798584
000298.pcd,VRU_Adult,11.571234923142658,0.83,-2.5044252322270335,0.75,-3.6062045189050522,1.59,93.16370667252623,0.7199514508247375
000298.pcd,VRU_Adult_Using_Non-Motorized_Device/Prop_Other,23.349363772074387,0.97,-24.74919808705648,1.56,-2.909523336092631,1.68,138.8318492442179,0.6976150274276733
000298.pcd,VRU_Adult,3.789855194091801,0.83,-15.719877052307131,0.75,-3.3359248399734485,1.59,-11.49360554943685,0.5925050973892212
000298.pcd,Passenger_Vehicle,10.57301858266195,2.6,-8.440250078837082,5.08,-3.6141182581583657,1.85,-142.65483219983165,0.7526894211769104
000298.pcd,Passenger_Vehicle,10.104928165674213,2.6,-9.367942467331888,5.08,-3.8335132300853725,1.85,64.25945177593262,0.7118542194366455
000298.pcd,VRU_Adult_Using_Non-Motorized_Device/Prop_Other,23.349363772074387,0.97,-24.749198087056477,1.56,-2.9095233360926307,1.68,138.8318492442178,0.5986402630805969
000299.pcd,VRU_Adult,11.511384292885111,0.83,-2.31079850373445,0.75,-3.601958213029084,1.59,-80.86926738883469,0.6833120584487915
000299.pcd,VRU_Adult_Using_Non-Motorized_Device/Prop_Other,23.379748874240455,0.97,-24.713685212311926,1.56,-2.9576316674550376,1.68,170.8039986384959,0.6513001322746277
000299.pcd,VRU_Adult,3.801131278276449,0.83,-15.68955111503601,0.75,-3.285233497619627,1.59,-32.064328877261296,0.5652406215667725
000299.pcd,Passenger_Vehicle,10.577608721596858,2.6,-8.454338295119154,5.08,-3.666422596999577,1.85,-141.86947147339046,0.7502790093421936
000299.pcd,Passenger_Vehicle,10.0999036471049,2.6,-9.421545457839967,5.08,-3.889701533317565,1.85,62.24419363783245,0.7328489422798157
000299.pcd,VRU_Adult_Using_Non-Motorized_Device/Prop_Other,23.387871522169846,0.97,-24.711341784550594,1.56,-2.937365210973299,1.68,-169.58457546780124,0.5537014007568359
000300.pcd,VRU_Adult_Using_Non-Motorized_Device/Prop_Other,23.411736309528354,0.97,-24.680655181407932,1.56,-2.9138313680887222,1.68,126.93037308971176,0.7294283509254456
000300.pcd,VRU_Adult,11.602983653545383,0.83,-3.1941891387105033,0.75,-3.6359957903623576,1.59,92.94065126825612,0.6576763987541199
000300.pcd,VRU_Adult,3.7983587026596135,0.83,-15.714423274993901,0.75,-3.324700188636778,1.59,143.75937702346909,0.6164344549179077
000300.pcd,Passenger_Vehicle,10.808608864292957,2.6,-8.341992985118525,5.08,-3.630905360886545,1.85,-142.76571233336986,0.7436143755912781
000300.pcd,Passenger_Vehicle,10.189623890501082,2.6,-9.390942212307094,5.08,-3.8538980628504893,1.85,72.37602549571943,0.7222478985786438
000300.pcd,VRU_Adult_Using_Non-Motorized_Device/Prop_Other,23.430033403284412,0.97,-24.67702787062701,1.56,-2.9329653767978434,1.68,136.64198284942236,0.6201846599578857
000301.pcd,VRU_Adult_Using_Non-Motorized_Device/Prop_Other,23.46070331335068,0.97,-24.64829790592194,1.56,-2.9272448793053627,1.68,148.63835347279473,0.6511978507041931
000301.pcd,VRU_Adult,3.8077015876770055,0.83,-15.71078119277954,0.75,-3.325234508514403,1.59,145.58405855390683,0.5763195753097534
000301.pcd,VRU_Adult,11.573808341190734,0.83,-2.360141063558647,0.75,-3.575602210801222,1.59,-80.74610843573922,0.5212492346763611
000301.pcd,Passenger_Vehicle,10.617147168805525,2.6,-8.434160171016575,5.08,-3.6397528571467244,1.85,-140.73637982147594,0.7554088830947876
000301.pcd,Passenger_Vehicle,10.19611231486003,2.6,-9.373050265842016,5.08,-3.8632136804086183,1.85,69.05277857086672,0.7359994053840637
000301.pcd,VRU_Adult_Using_Non-Motorized_Device/Prop_Other,23.46599119901657,0.97,-24.642274379730225,1.56,-2.9318000376224513,1.68,141.80771507161876,0.6174597144126892
000302.pcd,VRU_Adult,11.532923729188985,0.83,-2.4192862972136493,0.75,-3.569370200557093,1.59,-81.31285979847289,0.7072025537490845
000302.pcd,VRU_Adult_Using_Non-Motorized_Device/Prop_Other,23.51424098014832,0.97,-24.6457833647728,1.56,-2.9527703002095222,1.68,162.46892062867752,0.5563341379165649
000302.pcd,VRU_Adult,3.8159602880477963,0.83,-15.724327754974365,0.75,-3.327567863464355,1.59,143.04125630638342,0.466284841299057
000302.pcd,Passenger_Vehicle,10.485739549001062,2.6,-8.435472726821905,5.08,-3.611649473508199,1.85,-144.1738772049268,0.7591229677200317
000302.pcd,Passenger_Vehicle,10.11582683694774,2.6,-9.394892791221881,5.08,-3.907350260635902,1.85,73.00139495715445,0.7515934109687805
000302.pcd,VRU_Adult_Using_Non-Motorized_Device/Prop_Other,23.518921315670017,0.97,-24.64059489965439,1.56,-2.959305644035339,1.68,-163.81411214411557,0.5267009735107422
000303.pcd,VRU_Adult,11.715671691894535,0.83,-4.742568101882937,0.75,-3.6669097614288324,1.59,92.3793079753723,0.683350682258606
000303.pcd,VRU_Adult,3.8118698861863924,0.83,-15.701931105719673,0.75,-3.282274749543931,1.59,146.59057343015493,0.6430444717407227
000303.pcd,VRU_Adult_Using_Non-Motorized_Device/Prop_Other,23.49302453705759,0.97,-24.593128551136367,1.56,-2.926666555982648,1.68,109.38604349035974,0.47478920221328735
000303.pcd,Passenger_Vehicle,10.760528500874841,2.6,-8.490075858434045,5.08,-3.6374751567840575,1.85,-140.38019112458753,0.6920332908630371
000303.pcd,VRU_Adult_Using_Non-Motorized_Device/Prop_Other,23.519269526004795,0.97,-24.591656506061554,1.56,-2.9322531446814533,1.68,97.13541075636131,0.6410704255104065
000303.pcd,Passenger_Vehicle,10.005518014090406,2.6,-9.332377461024695,5.08,-3.840702942439487,1.85,72.90033862843255,0.6164307594299316
000304.pcd,VRU_Adult_Using_Non-Motorized_Device/Prop_Other,23.52386558757109,0.97,-24.55853422950296,1.56,-2.9519816005931183,1.68,134.37516198077094,0.6980497241020203
000304.pcd,VRU_Adult,3.796795129776008,0.83,-15.693312287330631,0.75,-3.285765647888182,1.59,-31.4171106950433,0.609028697013855
000304.pcd,VRU_Adult,11.652252515157068,0.83,-3.6895375351111137,0.75,-3.617525031169255,1.59,92.51159978595913,0.46702292561531067
000304.pcd,Passenger_Vehicle,10.089737683534624,2.6,-9.313793048262598,5.08,-3.8664901629090305,1.85,-118.85728033645807,0.7421619296073914
000304.pcd,Passenger_Vehicle,10.648197068108457,2.6,-8.50606144799127,5.08,-3.6373299669336387,1.85,-141.75990363416096,0.7335590720176697
000304.pcd,VRU_Adult_Using_Non-Motorized_Device/Prop_Other,23.529460560191765,0.97,-24.557577017581828,1.56,-2.938162565231323,1.68,116.88577379719224,0.5201545357704163
000305.pcd,VRU_Adult_Using_Non-Motorized_Device/Prop_Other,23.55071561476764,0.97,-24.495124031515687,1.56,-2.9784509785035076,1.68,111.38847292100614,0.7675710916519165
000305.pcd,VRU_Adult,3.7845929145813058,0.83,-15.702706241607666,0.75,-3.325762534141539,1.59,-30.00041614462384,0.558522641658783
000305.pcd,VRU_Adult,11.620829741160078,0.83,-3.7670519848664625,0.75,-3.660912811756134,1.59,92.1812945380082,0.4228384792804718
000305.pcd,Passenger_Vehicle,10.479235620209666,2.6,-8.689794916095162,5.08,-3.661407709121704,1.85,-139.54575625722526,0.7036246657371521
000305.pcd,Passenger_Vehicle,10.021767480032787,2.6,-9.397330270494734,5.08,-3.8593062196459083,1.85,51.61675254096166,0.6474081873893738
000305.pcd,VRU_Adult_Using_Non-Motorized_Device/Prop_Other,23.566663742065433,0.97,-24.519066870212555,1.56,-2.9438037723302832,1.68,129.85429143125629,0.577745795249939
000306.pcd,VRU_Adult_Using_Non-Motorized_Device/Prop_Other,23.562952896644333,0.97,-24.435919334148544,1.56,-3.024133854898913,1.68,100.88682404239579,0.7175980806350708
000306.pcd,VRU_Adult,3.78187641230497,0.83,-15.742695374922318,0.75,-3.3755692135203947,1.59,153.38162523813986,0.5923991799354553
000306.pcd,VRU_Adult,11.542138457298284,0.83,-2.3487533926963815,0.75,-3.605282112956046,1.59,-82.39880238559402,0.4486635625362396
000306.pcd,Passenger_Vehicle,10.016887903213506,2.6,-8.774946610132856,5.08,-3.5953953762849173,1.85,-133.37662441623476,0.7463518381118774
000306.pcd,Passenger_Vehicle,10.00822792053223,2.6,-9.264353191852571,5.08,-3.841596060991287,1.85,-124.97108565559475,0.7187215089797974
000306.pcd,VRU_Adult_Using_Non-Motorized_Device/Prop_Other,23.558496263292106,0.97,-24.432366759688765,1.56,-3.006216278782597,1.68,83.4584896870313,0.538688600063324
000307.pcd,VRU_Adult_Using_Non-Motorized_Device/Prop_Other,23.600381174395164,0.97,-24.408571427868264,1.56,-3.004584543166622,1.68,126.52732152859369,0.7268238663673401
000307.pcd,VRU_Adult,11.46856466929118,0.83,-2.4357186688317207,0.75,-3.5768465333514734,1.59,-82.7125189319703,0.6804858446121216
000307.pcd,VRU_Adult,3.793685531616216,0.83,-15.713952255249023,0.75,-3.3257589817047104,1.59,-33.332974407092905,0.6395042538642883
000307.pcd,Passenger_Vehicle,9.909014701843265,2.6,-9.28859147272612,5.08,-3.8048012633072696,1.85,-134.1666847382927,0.7543575763702393
000307.pcd,Passenger_Vehicle,10.016464374683526,2.6,-8.813938458760584,5.08,-3.5463694113272206,1.85,-137.72724820323853,0.7317448258399963
000307.pcd,VRU_Adult_Using_Non-Motorized_Device/Prop_Other,23.60038117439516,0.97,-24.408571427868264,1.56,-3.0045845431666205,1.68,126.52732152859522,0.648030698299408
000308.pcd,VRU_Adult_Using_Non-Motorized_Device/Prop_Other,23.62664992720993,0.97,-24.352241728040912,1.56,-2.9581469341560647,1.68,131.9472425729065,0.7364923357963562
000308.pcd,VRU_Adult,11.407974839210516,0.83,-3.287891343235972,0.75,-3.6608339697122565,1.59,90.79597222011819,0.68650221824646
000308.pcd,VRU_Adult,3.771874162885881,0.83,-15.685732311672634,0.75,-3.277373923195732,1.59,-24.703708246831358,0.6249892711639404
000308.pcd,Passenger_Vehicle,10.427147315098694,2.6,-8.70224180588356,5.08,-3.7487653768979587,1.85,-139.5295087758994,0.7376957535743713
000308.pcd,Passenger_Vehicle,9.899796225807886,2.6,-9.156982725316828,5.08,-3.824051972591515,1.85,-141.70570696997515,0.7197669744491577
000308.pcd,VRU_Adult_Using_Non-Motorized_Device/Prop_Other,23.62664992720993,0.97,-24.35224172804091,1.56,-2.958146934156064,1.68,131.94724257290773,0.6591334342956543
000309.pcd,VRU_Adult_Using_Non-Motorized_Device/Prop_Other,23.632320969193074,0.97,-24.319471712465642,1.56,-2.9529638202102095,1.68,120.30754549978542,0.695710301399231
000309.pcd,VRU_Adult,3.8151221805148703,0.83,-15.698657989501957,0.75,-3.2816630734337693,1.59,145.32083417320052,0.6063269376754761
000309.pcd,VRU_Adult,11.339033484458927,0.83,-1.0458589941263203,0.75,-3.596764549612998,1.59,-83.3162508831602,0.47226929664611816
000309.pcd,Passenger_Vehicle,9.819158894675121,2.6,-9.271440519605365,5.08,-3.8347950458526605,1.85,-142.1006211877278,0.7078860402107239
000309.pcd,VRU_Adult_Using_Non-Motorized_Device/Prop_Other,23.64145033700126,0.97,-24.29953057425363,1.56,-2.9771188582692822,1.68,85.32809072994988,0.6710618138313293
000309.pcd,Passenger_Vehicle,9.739064192771917,2.6,-9.033313369750982,5.08,-3.638162899017334,1.85,-132.67633358253295,0.6237607002258301
000310.pcd,VRU_Adult_Using_Non-Motorized_Device/Prop_Other,23.655984878540043,0.97,-24.28509800774711,1.56,-2.8977358426366537,1.68,132.44757874294174,0.6958292722702026
000310.pcd,VRU_Adult,11.332368997427137,0.83,-1.0632847639230598,0.75,-3.495832718335664,1.59,-83.56479322989244,0.6709141731262207
000310.pcd,VRU_Adult,3.816718268394473,0.83,-15.713975811004639,0.75,-3.3256045579910265,1.59,143.4307425710071,0.5951482653617859
000310.pcd,Passenger_Vehicle,9.77252604067326,2.6,-9.2256338596344,5.08,-3.7717413529753676,1.85,-138.68729110061992,0.6728343367576599
000310.pcd,Passenger_Vehicle,10.118505396494054,2.6,-9.012030996927404,5.08,-3.757323137143763,1.85,-135.89957519569177,0.6518105864524841
000310.pcd,VRU_Adult_Using_Non-Motorized_Device/Prop_Other,23.66330041556523,0.97,-24.267327341540106,1.56,-2.922932813907492,1.68,114.88212030691133,0.5844542980194092
000311.pcd,VRU_Adult,11.309326035635817,0.83,-0.823693990707398,0.75,-3.509151152202061,1.59,-84.14195585427623,0.6407864689826965
000311.pcd,VRU_Adult_Using_Non-Motorized_Device/Prop_Other,23.664999553135466,0.97,-24.281776564461847,1.56,-2.8951708333832875,1.68,144.64283165789055,0.6068960428237915
000311.pcd,VRU_Adult,3.799620580673224,0.83,-15.71589689254761,0.75,-3.3253447055816636,1.59,141.4234743552055,0.5656023025512695
000311.pcd,Passenger_Vehicle,9.736713186899824,2.6,-9.243130408393014,5.08,-3.798324065738254,1.85,-139.20246858114888,0.6991764307022095
000311.pcd,VRU_Adult_Using_Non-Motorized_Device/Prop_Other,23.664999553135463,0.97,-24.281776564461843,1.56,-2.895170833383287,1.68,144.6428316578892,0.6535433530807495
000312.pcd,VRU_Adult,11.316925154791946,0.83,3.50567981931898,0.75,-3.372279220157198,1.59,2.7628130657229892,0.6482304930686951
000312.pcd,VRU_Adult_Using_Non-Motorized_Device/Prop_Other,23.693129645453563,0.97,-24.200634073328093,1.56,-2.9318732862119323,1.68,-60.250585350023094,0.6219176650047302
000312.pcd,VRU_Adult,3.794042134284979,0.83,-15.704998016357427,0.75,-3.3225045204162584,1.59,146.82686993648082,0.6096438765525818
000312.pcd,Passenger_Vehicle,9.779438241322838,2.6,-9.1248025364346,5.08,-3.8307600869072806,1.85,-136.4634855131689,0.722956657409668
000312.pcd,VRU_Adult_Using_Non-Motorized_Device/Prop_Other,23.69930832202618,0.97,-24.197652890132023,1.56,-2.9356124401092525,1.68,82.27389692525647,0.5065948367118835
000313.pcd,VRU_Adult_Using_Non-Motorized_Device/Prop_Other,23.72375944386358,0.97,-24.177373554395597,1.56,-2.9539843849513847,1.68,-55.0263107979907,0.5301685929298401
000313.pcd,VRU_Adult,3.8281778335571324,0.83,-15.723354816436773,0.75,-3.327427935600279,1.59,143.20485799708888,0.49480587244033813
000313.pcd,VRU_Adult,11.215589659554622,0.83,3.47570627076285,0.75,-3.3408299343926555,1.59,156.69186201543394,0.4753243029117584
000313.pcd,Passenger_Vehicle,9.550638798744451,2.6,-9.287437654310661,5.08,-3.8213407378042903,1.85,-135.2040579853845,0.7168696522712708
000313.pcd,VRU_Adult_Using_Non-Motorized_Device/Prop_Other,23.724584330683175,0.97,-24.17678393488345,1.56,-2.9534531883571447,1.68,-56.26771068163123,0.6903892159461975
000313.pcd,Passenger_Vehicle,9.416095044877798,2.6,-8.88860666751862,5.08,-3.7201394902335263,1.85,74.9906312286102,0.5047271251678467
000314.pcd,VRU_Adult,11.292105579376226,0.83,3.5184944868087755,0.75,-3.3522094726562486,1.59,4.324032745571645,0.6902831792831421
000314.pcd,VRU_Adult,3.755632090568546,0.83,-15.70926866531372,0.75,-3.3357544183731065,1.59,165.5698980897274,0.5900437235832214
000314.pcd,VRU_Adult_Using_Bicycle,23.76628448849633,0.89,-24.141846611386256,1.53,-2.998158579780942,1.38,92.67992222675238,0.3551863431930542
000314.pcd,Passenger_Vehicle,9.42168597877026,2.6,-9.234612509608272,5.08,-3.7974266335368156,1.85,-138.60971593670493,0.7079554796218872
000314.pcd,VRU_Adult_Using_Non-Motorized_Device/Prop_Other,23.76628448849633,0.97,-24.141846611386256,1.56,-2.9981585797809407,1.68,92.6799222267529,0.668752133846283
000315.pcd,VRU_Adult,11.248532613118494,0.83,3.5099605123201987,0.75,-3.380770683288573,1.59,1.9299333424228111,0.6843257546424866
000315.pcd,VRU_Adult,3.804504215717321,0.83,-15.704382300376897,0.75,-3.288532525300977,1.59,-31.876569464315168,0.5914928317070007
000315.pcd,VRU_Adult_Using_Non-Motorized_Device/Prop_Other,23.81074984868368,0.97,-24.135101556777958,1.56,-2.9897091885407767,1.68,-58.06619461796044,0.4830982983112335
000315.pcd,Passenger_Vehicle,9.176411867141727,2.6,-9.355638504028326,5.08,-3.85988968260148,1.85,-136.0013402500599,0.707563042640686
000315.pcd,VRU_Adult_Using_Non-Motorized_Device/Prop_Other,23.8121044324792,0.97,-24.141613587089207,1.56,-2.9804091868193248,1.68,111.55667653355007,0.613389790058136
000316.pcd,VRU_Adult,11.221279212406708,0.83,3.4803568295070093,0.75,-3.3285416534968775,1.59,-9.475304123114716,0.7346698045730591
000316.pcd,VRU_Adult,3.785474014282233,0.83,-15.73347520828247,0.75,-3.3373093366622912,1.59,-23.986058252823923,0.6452707648277283
000316.pcd,VRU_Adult_Using_Non-Motorized_Device/Prop_Other,23.861249490217734,0.97,-24.13359355926514,1.56,-2.973553343252702,1.68,127.13343806581813,0.4969251751899719
000316.pcd,Passenger_Vehicle,8.680366601262778,2.6,-9.422111681529458,5.08,-3.768568762711116,1.85,-133.83028240174278,0.7589477300643921
000316.pcd,VRU_Adult_Using_Non-Motorized_Device/Prop_Other,23.86534126945164,0.97,-24.120827135832414,1.56,-3.0025485391202174,1.68,122.56181379508241,0.5642068982124329
000317.pcd,VRU_Adult,11.248532499585838,0.83,3.470034735543384,0.75,-3.3287896939686354,1.59,-2.749683347467876,0.702666163444519
000317.pcd,VRU_Adult,3.7611077048561863,0.83,-15.746124874461781,0.75,-3.3732747598127872,1.59,-24.60162626110932,0.6483506560325623
000317.pcd,VRU_Adult_Using_Non-Motorized_Device/Prop_Other,23.903885181133568,0.97,-24.08529266944299,1.56,-2.9170013115956235,1.68,135.20611672476866,0.6082566380500793
000317.pcd,Passenger_Vehicle,8.147945199693961,2.6,-9.717489991869254,5.08,-3.692093747002738,1.85,-134.84598737200224,0.7130448818206787
000317.pcd,Passenger_Vehicle,7.744839429855353,2.6,-9.66917901568943,5.08,-3.558383795950147,1.85,-143.84358254591123,0.5115514397621155
000318.pcd,VRU_Adult,3.78716193305122,0.83,-15.719280560811361,0.75,-3.3405158519744864,1.59,-29.95048356899951,0.6510661244392395
000318.pcd,VRU_Adult,11.200257374690135,0.83,3.498921907865083,0.75,-3.3462387965275684,1.59,-11.820285566010597,0.644753098487854
000318.pcd,VRU_Adult_Using_Non-Motorized_Device/Prop_Other,23.94922468397353,0.97,-24.028339174058708,1.56,-2.9363950005284063,1.68,114.03629233786502,0.6239613890647888
000318.pcd,Passenger_Vehicle,7.818307876586918,2.6,-9.94799038858125,5.08,-3.7771553198496504,1.85,-134.97899808052466,0.7516868710517883
000318.pcd,VRU_Adult_Using_Non-Motorized_Device/Prop_Other,23.969742298126224,0.97,-24.045961243765696,1.56,-2.947613256318228,1.68,118.45354201179451,0.5891175866127014
000319.pcd,VRU_Adult_Using_Non-Motorized_Device/Prop_Other,23.99087844576155,0.97,-24.003013883318225,1.56,-2.8896021417209083,1.68,-48.73381462793111,0.7731136083602905
000319.pcd,VRU_Adult,11.229437461266155,0.83,3.4942375146425664,0.75,-3.335374391995942,1.59,-5.334325055111316,0.70597243309021
000319.pcd,VRU_Adult,3.7985622882843053,0.83,-15.711395359039312,0.75,-3.3296406984329225,1.59,145.736791334645,0.6419544219970703
000319.pcd,VRU_Adult,36.567164103190116,0.83,-48.713029225667334,0.75,-2.813336610794068,1.59,-65.11806465566028,0.3014068901538849
000319.pcd,Passenger_Vehicle,7.623663142875393,2.6,-10.089025674042883,5.08,-3.8772457440694175,1.85,-141.74075968798255,0.7759053111076355
000320.pcd,VRU_Adult_Using_Non-Motorized_Device/Prop_Other,24.03984387715658,0.97,-23.981230841742626,1.56,-2.8991615860550493,1.68,135.78459626545754,0.7888518571853638
000320.pcd,VRU_Adult,11.231795469919845,0.83,3.5131348371505715,0.75,-3.331733922163645,1.59,0.09611381440658207,0.7351224422454834
000320.pcd,VRU_Adult,3.8114696873558946,0.83,-15.700995339287651,0.75,-3.2825587325625936,1.59,146.95125831797466,0.6507046222686768
000320.pcd,Passenger_Vehicle,7.559002564503602,2.6,-10.092027077308074,5.08,-3.906253374539889,1.85,-138.89871813300616,0.8246206641197205
000320.pcd,VRU_Adult_Using_Non-Motorized_Device/Prop_Other,24.048732324080035,0.97,-23.962897994301535,1.56,-2.8932281732559195,1.68,2.5014653331968746,0.6368640065193176
000320.pcd,Passenger_Vehicle,7.241791706085208,2.6,-9.605773487091065,5.08,-3.5302939176559445,1.85,-32.77406938184652,0.5221356749534607
000321.pcd,VRU_Adult_Using_Non-Motorized_Device/Prop_Other,24.062739548859778,0.97,-23.96513656333641,1.56,-2.8797051023553917,1.68,125.69592176407032,0.7452802658081055
000321.pcd,VRU_Adult,11.207344495333162,0.83,3.487978990261367,0.75,-3.318701468981229,1.59,-13.60911985527417,0.6993135809898376
000321.pcd,VRU_Adult,3.813025633494064,0.83,-15.714007801479767,0.75,-3.3362911277347127,1.59,-32.49240170943739,0.5861842036247253
000321.pcd,Passenger_Vehicle,5.616821828878154,2.6,-9.84800495291656,5.08,-3.2221846265612903,1.85,-126.35449287465431,0.3024187386035919
000321.pcd,Passenger_Vehicle,7.204786777496341,2.6,-9.828601837158207,5.08,-3.71191918465399,1.85,-100.3166755363755,0.8048602938652039
000321.pcd,VRU_Adult_Using_Non-Motorized_Device/Prop_Other,24.078931874242322,0.97,-23.979708704455145,1.56,-2.877899227471186,1.68,129.84080077434632,0.5089315176010132
000322.pcd,VRU_Adult,11.23796789986747,0.83,3.494105730737957,0.75,-3.3268233878271913,1.59,-7.669390868446937,0.7503517270088196
000322.pcd,VRU_Adult_Using_Non-Motorized_Device/Prop_Other,24.068055239590738,0.97,-23.94022265347568,1.56,-2.9208136688579214,1.68,-53.54688909925466,0.7448685169219971
000322.pcd,VRU_Adult,3.888778264705957,0.83,-14.978191889249363,0.75,-3.356222721246572,1.59,81.03753683733456,0.6301664113998413
000322.pcd,Passenger_Vehicle,5.305283170479997,2.6,-9.880106687545776,5.08,-3.143891554612379,1.85,-130.80960100268334,0.31840941309928894
000322.pcd,Passenger_Vehicle,7.000345846017208,2.6,-9.913109143575037,5.08,-3.870919475952784,1.85,85.71885908484965,0.878046989440918
000322.pcd,VRU_Adult_Using_Non-Motorized_Device/Prop_Other,24.18151722783628,0.97,-23.91410719830057,1.56,-3.012661560722018,1.68,26.765770846220097,0.5570984482765198
000323.pcd,VRU_Adult_Using_Non-Motorized_Device/Prop_Other,24.097338994344078,0.97,-23.917127609252933,1.56,-2.981620311737061,1.68,-55.43234564498298,0.730197548866272
000323.pcd,VRU_Adult,11.216875144413546,0.83,3.494145529610768,0.75,-3.3312793459211067,1.59,-13.408133650713388,0.6784979701042175
000323.pcd,VRU_Adult,4.033687874674803,0.83,-13.444019675254825,0.75,-3.2423819452524176,1.59,83.69069217325482,0.5874910950660706
000323.pcd,VRU_Adult_Using_Non-Motorized_Device/Prop_Other,24.214263343811037,0.97,-23.892852210998537,1.56,-3.0647380948066707,1.68,44.978208175529765,0.5671253204345703
000324.pcd,VRU_Adult_Using_Non-Motorized_Device/Prop_Other,24.14630491083319,0.97,-23.894965431906964,1.56,-3.026434215632352,1.68,125.75352978271756,0.7174263000488281
000324.pcd,VRU_Adult,11.250518904791942,0.83,3.5127107832166877,0.75,-3.3888347413804785,1.59,-1.6525410130625797,0.6825661659240723
000324.pcd,VRU_Adult,3.949060691727537,0.83,-13.402757856580946,0.75,-3.2506330145729905,1.59,86.51972846887412,0.5044318437576294
000324.pcd,VRU_Adult_Using_Non-Motorized_Device/Prop_Other,24.205594199044366,0.97,-23.89673968723842,1.56,-3.063553617114111,1.68,1.1865992493121045,0.5634994506835938
000325.pcd,VRU_Adult_Using_Non-Motorized_Device/Prop_Other,24.17130420082494,0.97,-23.868625138935293,1.56,-3.037929949007536,1.68,130.74038340961172,0.7494692802429199
000325.pcd,VRU_Adult,11.245947030874406,0.83,3.505916467079748,0.75,-3.334982798649714,1.59,-3.9490603002050975,0.6720098853111267
000325.pcd,VRU_Adult,3.8760030269622874,0.83,-13.615698231591118,0.75,-3.290539238188001,1.59,88.20300026088815,0.45678916573524475
000325.pcd,VRU_Adult_Using_Non-Motorized_Device/Prop_Other,24.32110968090239,0.97,-23.81160608927409,1.56,-3.170947211129324,1.68,26.408325689400368,0.606839120388031
000326.pcd,VRU_Adult_Using_Non-Motorized_Device/Prop_Other,24.205101331075035,0.97,-23.849481158786354,1.56,-3.0475506120257907,1.68,135.02611969151852,0.6753286719322205
000326.pcd,VRU_Adult,11.232622782389324,0.83,3.4807442506154374,0.75,-3.3298623561859126,1.59,-15.30496752400266,0.6264858245849609
000326.pcd,VRU_Adult_Using_Non-Motorized_Device/Prop_Other,24.400879199688255,0.97,-23.77000324542706,1.56,-3.200340839532705,1.68,26.686161476875103,0.6053543090820312
000327.pcd,VRU_Adult_Using_Non-Motorized_Device/Prop_Other,24.204899692535403,0.97,-23.789292240142824,1.56,-3.0524774193763737,1.68,124.16928659800294,0.6509141325950623
000327.pcd,VRU_Adult,11.259216414557569,0.83,3.5196685791015607,0.75,-3.387765645980833,1.59,-2.3573670253969308,0.6366250514984131
000327.pcd,VRU_Adult,3.270857379550031,0.83,-12.774107524326869,0.75,-3.4909355867476686,1.59,102.11560267492247,0.5873770713806152
000327.pcd,VRU_Adult_Using_Non-Motorized_Device/Prop_Other,24.399594148000087,0.97,-23.707918008168537,1.56,-3.217621574799219,1.68,24.601425671761252,0.5593084692955017
000328.pcd,VRU_Adult,11.254695483616425,0.83,3.5004355226244215,0.75,-3.3306688070297237,1.59,-5.115117509059221,0.6583715081214905
000328.pcd,VRU_Adult_Using_Non-Motorized_Device/Prop_Other,24.315447980707347,0.97,-23.747887784784496,1.56,-2.9750193140723487,1.68,133.05245705702197,0.6470440030097961
000328.pcd,VRU_Adult,2.8584308209626603,0.83,-12.503964589989703,0.75,-3.5826021173725953,1.59,-66.357626128764,0.7164416313171387
000328.pcd,VRU_Adult_Using_Non-Motorized_Device/Prop_Other,24.453466033935552,0.97,-23.69780128479004,1.56,-3.1346609210968013,1.68,23.478433831401027,0.6342067122459412
000329.pcd,VRU_Adult_Using_Non-Motorized_Device/Prop_Other,24.319606690179736,0.97,-23.69590541294643,1.56,-2.995821226210821,1.68,123.90879036500345,0.6705967783927917
000329.pcd,VRU_Adult,11.237696838378913,0.83,3.4922021865844717,0.75,-3.331993707021077,1.59,-17.78121548428941,0.6235167384147644
000329.pcd,VRU_Adult,2.7391797692879423,0.83,-12.456557108008344,0.75,-3.6406641317450474,1.59,-65.59402367999542,0.7496004104614258
000330.pcd,VRU_Adult_Using_Non-Motorized_Device/Prop_Other,24.364449350457445,0.97,-23.63890145954333,1.56,-2.945222816969219,1.68,135.13261573248903,0.6533529758453369
000330.pcd,VRU_Adult,11.252535206930983,0.83,3.50252946785518,0.75,-3.3296766621725893,1.59,-3.8624707783779044,0.5655205249786377
000330.pcd,VRU_Adult,2.4654163644649145,0.83,-12.635250616073609,0.75,-3.8548349142074576,1.59,113.48572884616503,0.8149660229682922
000330.pcd,VRU_Adult_Using_Non-Motorized_Device/Prop_Other,24.525082674893472,0.97,-23.588965936140582,1.56,-3.122596643187782,1.68,19.462918928271687,0.6444392800331116
000331.pcd,VRU_Adult_Using_Non-Motorized_Device/Prop_Other,24.38227291107178,0.97,-23.60633192062378,1.56,-2.9758196115493774,1.68,123.94621023077357,0.733588695526123
000331.pcd,VRU_Adult,11.244852610996796,0.83,3.482288513864788,0.75,-3.3360241992132997,1.59,-9.976980848980343,0.6453787088394165
000331.pcd,VRU_Adult,2.1305947924032864,0.83,-12.485633420944215,0.75,-3.7135058641433707,1.59,-56.57534770796839,0.8137751817703247
000331.pcd,VRU_Adult_Using_Non-Motorized_Device/Prop_Other,24.515099487304692,0.97,-23.561454010009765,1.56,-3.143269748687743,1.68,26.791606554985737,0.5035519003868103
000332.pcd,VRU_Adult_Using_Non-Motorized_Device/Prop_Other,24.378849559360084,0.97,-23.600322405497238,1.56,-2.965903851721022,1.68,131.42518338439663,0.7333208322525024
000332.pcd,VRU_Adult,11.293606042861942,0.83,3.5132301747798884,0.75,-3.360027074813842,1.59,-5.233935630934752,0.6073594093322754
000332.pcd,VRU_Adult,1.5532038454776274,0.83,-12.44810892188031,0.75,-3.791277170181273,1.59,-49.56625462604327,0.8532049059867859
000332.pcd,VRU_Adult_Using_Non-Motorized_Device/Prop_Other,24.522253763108033,0.97,-23.549636023385183,1.56,-3.0986863545009053,1.68,32.493107507328766,0.6304484009742737
000333.pcd,VRU_Adult,11.244137954711919,0.83,3.484869352976479,0.75,-3.3299281438191723,1.59,-13.20464018458689,0.7024115324020386
000333.pcd,VRU_Adult_Using_Non-Motorized_Device/Prop_Other,24.368780584896314,0.97,-23.518384260289814,1.56,-2.935118969749002,1.68,111.32744666677388,0.6764033436775208
000333.pcd,VRU_Adult,3.799581262800435,0.83,-15.703147146436907,0.75,-3.2818073696560317,1.59,146.54477578585204,0.5440184473991394
000333.pcd,Passenger_Vehicle,-0.9598406243481094,2.6,-10.44109710894133,5.08,-3.55983913572211,1.85,57.79786030994446,0.8250965476036072
000334.pcd,VRU_Adult_Using_Non-Motorized_Device/Prop_Other,24.379767036437993,0.97,-23.543736457824714,1.56,-3.0515618801116946,1.68,114.20601848648596,0.685477614402771
000334.pcd,VRU_Adult,11.222638066609704,0.83,3.4881689707438137,0.75,-3.339034509658813,1.59,-21.19415543090018,0.6845465302467346
000334.pcd,VRU_Adult,3.8097905397415217,0.83,-15.722091007232667,0.75,-3.3263204574584955,1.59,144.83958038812995,0.6271641850471497
000334.pcd,Passenger_Vehicle,-1.3435206777519608,2.6,-10.515643437703453,5.08,-3.6662347184287167,1.85,73.64605031760445,0.7643141150474548
000334.pcd,VRU_Adult_Using_Non-Motorized_Device/Prop_Other,24.693622520991735,0.97,-23.435014656611852,1.56,-3.2069168772016243,1.68,32.22204820077007,0.5369508266448975
000335.pcd,VRU_Adult_Using_Non-Motorized_Device/Prop_Other,24.492292103014496,0.97,-23.483615674470602,1.56,-2.955130715119212,1.68,119.54781148685345,0.758831799030304
000335.pcd,VRU_Adult,11.257213865007676,0.83,3.499282223837715,0.75,-3.3311549765723085,1.59,-5.304014812199922,0.6932514309883118
000335.pcd,VRU_Adult,3.808893962339927,0.83,-15.7283560145985,0.75,-3.3641323176297266,1.59,143.40233134765145,0.5484941601753235
000336.pcd,VRU_Adult_Using_Non-Motorized_Device/Prop_Other,24.505718231201175,0.97,-23.37519822801863,1.56,-2.976306591715132,1.68,87.41803977073938,0.760267972946167
000336.pcd,VRU_Adult,11.286085700988775,0.83,3.5239225387573234,0.75,-3.3649845123291002,1.59,1.8027196795723555,0.6894140243530273
000336.pcd,VRU_Adult,3.7814707226223456,0.83,-15.700204425387918,0.75,-3.280252085791693,1.59,-26.140636956204652,0.5449959635734558
000336.pcd,VRU_Adult_Using_Non-Motorized_Device/Prop_Other,24.6945277504299,0.97,-23.316904814346977,1.56,-3.1526887209519088,1.68,28.868788695340964,0.5516374707221985
000337.pcd,VRU_Adult_Using_Non-Motorized_Device/Prop_Other,24.57833003997803,0.97,-23.347057751246865,1.56,-3.038764085088457,1.68,56.87468068316441,0.7843238711357117
000337.pcd,VRU_Adult,11.279814199967822,0.83,3.5076953714544117,0.75,-3.344010374762794,1.59,-4.014555590865083,0.7048991322517395
000337.pcd,VRU_Adult,3.7762710614637958,0.83,-15.740506952459167,0.75,-3.3692977428436266,1.59,-28.52956175931999,0.6061170697212219
000337.pcd,VRU_Adult_Using_Non-Motorized_Device/Prop_Other,24.74460458755493,0.97,-23.293233203887944,1.56,-3.1444195866584765,1.68,33.701079515419245,0.6218639016151428
000338.pcd,VRU_Adult_Using_Non-Motorized_Device/Prop_Other,24.68189366658529,0.97,-23.3296319325765,1.56,-2.9828158219655356,1.68,147.701437894783,0.7433480620384216
000338.pcd,VRU_Adult,11.308764457702644,0.83,3.5045120451185414,0.75,-3.3728344440460187,1.59,5.524089270141585,0.7376261949539185
000338.pcd,VRU_Adult,3.7978195250034386,0.83,-15.704980492591863,0.75,-3.2884869873523694,1.59,-30.310121094908347,0.68123459815979
000338.pcd,VRU_Adult_Using_Non-Motorized_Device/Prop_Other,24.805216095664285,0.97,-23.23052571036599,1.56,-3.0976955132050943,1.68,44.39079614803508,0.5309035778045654
000339.pcd,VRU_Adult,11.254811286926275,0.83,3.476967461903888,0.75,-3.326501671473184,1.59,-7.998678350032694,0.7054324150085449
000339.pcd,VRU_Adult_Using_Non-Motorized_Device/Prop_Other,24.648843418468132,0.97,-23.250805941495035,1.56,-2.8538901372389365,1.68,102.58666741467921,0.6881075501441956
000339.pcd,VRU_Adult,3.7570404767990175,0.83,-15.745749378204348,0.75,-3.387737345695494,1.59,-30.596976162838395,0.6639235615730286
000339.pcd,VRU_Adult_Using_Non-Motorized_Device/Prop_Other,24.84862393918245,0.97,-23.209953556890078,1.56,-3.057151441988737,1.68,45.68799786486286,0.5249453783035278
000340.pcd,VRU_Adult_Using_Non-Motorized_Device/Prop_Other,24.6982593536377,0.97,-23.25627504076277,1.56,-2.7745388575962613,1.68,138.99556132176278,0.6878873109817505
000340.pcd,VRU_Adult,11.231698921748574,0.83,3.481380241257802,0.75,-3.344758135931832,1.59,155.80264651058033,0.6511521339416504
000340.pcd,VRU_Adult,3.7532631917433346,0.83,-15.731911399147727,0.75,-3.3728604316711412,1.59,-25.20589204765561,0.6037880182266235
000340.pcd,VRU_Adult_Using_Non-Motorized_Device/Prop_Other,24.851818499357805,0.97,-23.16224537725034,1.56,-3.0305030656897496,1.68,55.25339794641244,0.5822466611862183
000341.pcd,VRU_Adult,11.253671279320354,0.83,3.492185207513659,0.75,-3.3388216128716097,1.59,-5.667363970088667,0.694189190864563
000341.pcd,VRU_Adult_Using_Non-Motorized_Device/Prop_Other,24.694510565863723,0.97,-23.164866341484924,1.56,-2.8754232989417186,1.68,-96.91752979460097,0.6541370749473572
000341.pcd,VRU_Adult,3.7986031770706257,0.83,-15.728058433532714,0.75,-3.3275242090225206,1.59,-34.67976466247469,0.6421937942504883
000341.pcd,VRU_Adult_Using_Non-Motorized_Device/Prop_Other,24.895963148637257,0.97,-23.137007800015535,1.56,-2.9720544598319307,1.68,55.93204815376472,0.5676846504211426
000342.pcd,VRU_Adult,11.272801637649538,0.83,3.498129308223722,0.75,-3.3387016057968126,1.59,-1.937695427543094,0.6502885818481445
000342.pcd,VRU_Adult_Using_Non-Motorized_Device/Prop_Other,24.787316004435226,0.97,-23.227870305379238,1.56,-3.0355771183967595,1.68,111.70490459808256,0.603219747543335
000342.pcd,VRU_Adult,3.8012841939926174,0.83,-15.724316692352295,0.75,-3.3285782337188707,1.59,142.1938079071355,0.5915466547012329
000342.pcd,VRU_Adult_Using_Non-Motorized_Device/Prop_Other,24.938270950317385,0.97,-23.108582401275633,1.56,-3.0357431173324576,1.68,56.917270300967836,0.5338469743728638
000343.pcd,VRU_Adult,11.283175815235488,0.83,3.5110939199274216,0.75,-3.360622037540782,1.59,1.8281793351681195,0.7162900567054749
000343.pcd,VRU_Adult_Using_Non-Motorized_Device/Prop_Other,24.816023635864262,0.97,-23.25534229278565,1.56,-3.2294803142547606,1.68,120.1372928361251,0.5799633264541626
000343.pcd,VRU_Adult,3.767971664667132,0.83,-15.690136194229122,0.75,-3.284060686826705,1.59,-31.040481925752403,0.5186905860900879
000343.pcd,VRU_Adult_Using_Non-Motorized_Device/Prop_Other,24.99360389709473,0.97,-23.04789950052897,1.56,-3.268950478235879,1.68,-120.77579602065202,0.5076397657394409
000344.pcd,VRU_Adult_Using_Non-Motorized_Device/Prop_Other,24.843337839299988,0.97,-23.19159906560725,1.56,-3.1803537715565082,1.68,114.90801008679911,0.6433337926864624
000344.pcd,VRU_Adult,11.255298834580646,0.83,3.4958774676689703,0.75,-3.334046620589035,1.59,-3.3664715923979713,0.6098745465278625
000344.pcd,VRU_Adult,3.785136721350936,0.83,-15.755048405040394,0.75,-3.3743787028572765,1.59,146.88766313496748,0.5601397156715393
000345.pcd,VRU_Adult,3.845507277382754,0.83,-15.743375036451559,0.75,-3.343276659647622,1.59,140.2928847678406,0.5811046361923218
000345.pcd,VRU_Adult,11.261114438374845,0.83,3.5149933497110992,0.75,-3.3829936583836866,1.59,1.3054212833263605,0.5293588042259216
000345.pcd,VRU_Adult_Using_Non-Motorized_Device/Prop_Other,24.757551193237315,0.97,-23.108931223551437,1.56,-3.0289254983266196,1.68,76.33119603653941,0.37537524104118347
000345.pcd,VRU_Adult_Using_Non-Motorized_Device/Prop_Other,25.039240132207457,0.97,-23.064457105553668,1.56,-2.979976571124532,1.68,59.264458466900884,0.5735383033752441
000346.pcd,VRU_Adult,11.249451417189382,0.83,3.4994570291959315,0.75,-3.332460550161507,1.59,-3.0742278769773286,0.5893043875694275
000346.pcd,VRU_Adult,3.7908180193467618,0.83,-15.762216221202504,0.75,-3.3764316602186706,1.59,150.9025605760085,0.5136297941207886
000346.pcd,VRU_Adult_Using_Non-Motorized_Device/Prop_Other,24.812549273173023,0.97,-23.067187945048023,1.56,-2.963726480801901,1.68,-76.48514141111977,0.353282630443573
000346.pcd,VRU_Adult_Using_Non-Motorized_Device/Prop_Other,25.0667143282683,0.97,-23.03526952992315,1.56,-3.0738018802974523,1.68,48.885019902664204,0.6118906140327454
000347.pcd,VRU_Adult,11.281609535217292,0.83,3.5077647566795345,0.75,-3.3527955611546827,1.59,1.1268397790583764,0.5774035453796387
000347.pcd,VRU_Adult,3.8141569296519027,0.83,-15.719134224785698,0.75,-3.285339673360187,1.59,144.82152235844643,0.5564517378807068
000347.pcd,VRU_Adult_Using_Non-Motorized_Device/Prop_Other,24.953938264113212,0.97,-23.145876370943515,1.56,-3.263526989863469,1.68,106.25256319944316,0.42734387516975403
000347.pcd,VRU_Adult_Using_Non-Motorized_Device/Prop_Other,25.081782627105714,0.97,-23.035549926757817,1.56,-3.242208111286162,1.68,57.392073688077225,0.5574791431427002
000348.pcd,VRU_Adult,3.8310924530029347,0.83,-15.733366012573248,0.75,-3.3295983552932724,1.59,142.64415906356993,0.6031898856163025
000348.pcd,VRU_Adult,11.269704125144273,0.83,3.507842865857207,0.75,-3.339432456276633,1.59,-1.8825499346406236,0.5314515829086304
000348.pcd,VRU_Adult_Using_Non-Motorized_Device/Prop_Other,24.943835449218753,0.97,-23.021715545654303,1.56,-3.231148195266724,1.68,-76.30657968613968,0.5060538649559021
000348.pcd,VRU_Adult_Using_Non-Motorized_Device/Prop_Other,25.090524897855875,0.97,-22.989873325123508,1.56,-3.190378946416517,1.68,51.79329605844159,0.5434401035308838
000349.pcd,VRU_Adult_Using_Non-Motorized_Device/Prop_Other,24.917828241984054,0.97,-22.992334047953292,1.56,-3.047744075457256,1.68,86.70852139199718,0.6270546317100525
000349.pcd,VRU_Adult,11.24487898899959,0.83,3.5046378832596976,0.75,-3.3332096613370443,1.59,-5.579658898630738,0.6200217604637146
000349.pcd,VRU_Adult,3.801131558418279,0.83,-15.758907127380377,0.75,-3.3831732034683215,1.59,-45.50185905827904,0.6192400455474854
000349.pcd,VRU_Adult_Using_Non-Motorized_Device/Prop_Other,25.153717252943252,0.97,-22.931576834784615,1.56,-3.2504927714665715,1.68,35.26193634441762,0.5691520571708679
000350.pcd,VRU_Adult_Using_Non-Motorized_Device/Prop_Other,24.946841557820647,0.97,-22.96758556365968,1.56,-3.0479024648666386,1.68,78.36019256288232,0.6400672793388367
000350.pcd,VRU_Adult,3.750835061073304,0.83,-15.670225858688354,0.75,-3.222697377204894,1.59,-17.18347748469412,0.6323570013046265
000350.pcd,VRU_Adult,11.29154834747315,0.83,3.514982199668883,0.75,-3.365731620788573,1.59,2.8217135182792115,0.6219712495803833
000350.pcd,VRU_Adult_Using_Non-Motorized_Device/Prop_Other,25.169068654378254,0.97,-22.98061964246962,1.56,-3.2528597116470324,1.68,3.9580605024781645,0.5800431966781616
000351.pcd,VRU_Adult,3.7912563562393244,0.83,-15.715610980987554,0.75,-3.329651832580565,1.59,-29.87909438569403,0.5905293822288513
000351.pcd,VRU_Adult,11.248724503950644,0.83,3.5244217352433624,0.75,-3.3690965825861143,1.59,-3.8302569127548907,0.5774678587913513
000351.pcd,VRU_Adult_Using_Non-Motorized_Device/Prop_Other,25.198517118181503,0.97,-22.94922951289586,1.56,-3.0924330098288384,1.68,-21.36973762784157,0.4249293804168701
000352.pcd,VRU_Adult,3.7695077419281047,0.83,-15.708657550811768,0.75,-3.326616024971007,1.59,-31.176975905373276,0.621691882610321
000352.pcd,VRU_Adult,11.271484088897708,0.83,3.5067586183547945,0.75,-3.345748615264892,1.59,-0.7580821605779944,0.5378004312515259
000352.pcd,VRU_Adult_Using_Bicycle,25.245936817593048,0.89,-22.95448599921333,1.53,-3.183062659369575,1.38,-13.047931094010778,0.42038092017173767
000353.pcd,VRU_Adult,3.7724290609359796,0.83,-15.738949775695806,0.75,-3.3392042160034165,1.59,-13.514575298816052,0.6233460903167725
000353.pcd,VRU_Adult,11.262230212871852,0.83,3.48744069612943,0.75,-3.3355544530428367,1.59,-3.162789745498925,0.5508594512939453
000353.pcd,VRU_Adult_Using_Non-Motorized_Device/Prop_Other,25.29433587018181,0.97,-22.907419316908893,1.56,-3.105381516849293,1.68,-40.33357461890084,0.5070763826370239
000354.pcd,VRU_Adult_Using_Non-Motorized_Device/Prop_Other,25.139081001281742,0.97,-22.933033625284835,1.56,-3.3103601535161338,1.68,85.50868839320678,0.6627202033996582
000354.pcd,VRU_Adult,11.234331130981447,0.83,3.50465785540067,0.75,-3.333847229297344,1.59,-6.265932264189322,0.6596707701683044
000354.pcd,VRU_Adult,3.7918676005469476,0.83,-15.699966112772627,0.75,-3.280946122275457,1.59,-26.814053054760194,0.6369040012359619
000355.pcd,VRU_Adult,3.7827119032541976,0.83,-15.692130512661404,0.75,-3.2786227862040187,1.59,-27.39355878775021,0.6240686178207397
000355.pcd,VRU_Adult,11.229043226975666,0.83,3.5000638228196355,0.75,-3.336991273439847,1.59,-7.303132546428975,0.6112418174743652
000355.pcd,VRU_Adult_Using_Non-Motorized_Device/Prop_Other,25.165262985229496,0.97,-22.889320182800297,1.56,-3.220386815071106,1.68,88.31114924724916,0.5018436908721924
000356.pcd,VRU_Adult_Using_Non-Motorized_Device/Prop_Other,25.16830635070801,0.97,-22.87321917215984,1.56,-3.20466423034668,1.68,-116.4479940455845,0.6526668071746826
000356.pcd,VRU_Adult,3.7946683168411304,0.83,-15.719747257232665,0.75,-3.3253471374511703,1.59,143.65280617411227,0.6359233856201172
000356.pcd,VRU_Adult,11.273341265591712,0.83,3.5034138289364893,0.75,-3.339706529270518,1.59,-1.771526661984261,0.6341777443885803
000356.pcd,VRU_Adult_Using_Non-Motorized_Device/Prop_Other,25.437554717063907,0.97,-22.824447274208072,1.56,-3.0499679297208777,1.68,-60.7378531005759,0.5156349539756775
000357.pcd,VRU_Adult_Using_Non-Motorized_Device/Prop_Other,25.301069641113287,0.97,-22.930518913269047,1.56,-3.201889252662659,1.68,-60.80867780488088,0.6629558205604553
000357.pcd,VRU_Adult,11.280136982599899,0.83,3.5036045908927895,0.75,-3.3527348240216566,1.59,2.555014494445091,0.5911740064620972
000357.pcd,VRU_Adult,3.7887377738952672,0.83,-15.7119610786438,0.75,-3.324355220794677,1.59,-26.324541961120822,0.562239944934845
000358.pcd,VRU_Adult_Using_Non-Motorized_Device/Prop_Other,25.37415558951242,0.97,-22.898384639195037,1.56,-3.197512592588152,1.68,111.21845349263914,0.7575157284736633
000358.pcd,VRU_Adult,11.252524962792036,0.83,3.495407783068143,0.75,-3.335477920678945,1.59,-3.2236476975139325,0.6093262434005737
000358.pcd,VRU_Adult,3.776777696609501,0.83,-15.759090232849122,0.75,-3.388205623626706,1.59,140.41741615781885,0.5998082756996155
000359.pcd,VRU_Adult_Using_Non-Motorized_Device/Prop_Other,25.391486031668535,0.97,-22.93950407845634,1.56,-3.120354311806815,1.68,115.31480342676569,0.7469648122787476
000359.pcd,VRU_Adult,11.25971950184216,0.83,3.5109772465445768,0.75,-3.372662869366731,1.59,-2.2285491447295698,0.6892144083976746
000359.pcd,VRU_Adult,3.82735135555268,0.83,-15.731300449371338,0.75,-3.3288098812103266,1.59,142.61388171160596,0.5849160552024841
000360.pcd,VRU_Adult_Using_Non-Motorized_Device/Prop_Other,25.413756942749036,0.97,-22.892665100097666,1.56,-3.147207736968994,1.68,-65.1320707683658,0.6628478169441223
000360.pcd,VRU_Adult,3.7714010477066076,0.83,-15.671350955963135,0.75,-3.2238740921020494,1.59,-19.037882179923425,0.6606948971748352
000360.pcd,VRU_Adult,11.243102471033737,0.83,3.49942906697591,0.75,-3.341973006725311,1.59,-6.586748461596876,0.5743972063064575
000361.pcd,VRU_Adult_Using_Non-Motorized_Device/Prop_Other,25.43778133392335,0.97,-22.91992219289145,1.56,-3.0772736072540288,1.68,-54.72519827485784,0.7130647301673889
000361.pcd,VRU_Adult,3.794549359215636,0.83,-15.728106180826822,0.75,-3.3408741421169688,1.59,-31.51680373850931,0.6010146737098694
000361.pcd,VRU_Adult,11.233159412037246,0.83,3.4906115315177217,0.75,-3.3114865476434874,1.59,-12.072619755413196,0.5880367755889893
000362.pcd,VRU_Adult,3.776251812775936,0.83,-15.753821770350143,0.75,-3.4045648177464787,1.59,-35.18013703701387,0.6398657560348511
000362.pcd,VRU_Adult,11.242390485910276,0.83,3.489985741101777,0.75,-3.340076794991125,1.59,-7.357808935533168,0.5309097766876221
000362.pcd,VRU_Adult_Using_Bicycle,25.66517373789912,0.89,-22.861949423085093,1.53,-3.0586657938749893,1.38,90.45113287227194,0.45224297046661377
000363.pcd,VRU_Adult,3.7615444876930977,0.83,-15.744190736250443,0.75,-3.378012852235272,1.59,161.7766075430226,0.6671494841575623
000363.pcd,VRU_Adult,11.257558895991403,0.83,3.4998236252711363,0.75,-3.333649305196908,1.59,-2.747338485262574,0.5900188088417053
000363.pcd,VRU_Adult,26.49258473714193,0.83,-26.913280359903972,0.75,-2.5502899726231885,1.59,-72.39628721968862,0.5380650758743286
000363.pcd,VRU_Adult_Using_Non-Motorized_Device/Prop_Other,25.569885889689132,0.97,-22.856362501780197,1.56,-3.1523284912109375,1.68,-68.17132243857756,0.4029530882835388
000364.pcd,VRU_Adult,11.233105512765743,0.83,3.5023595002981316,0.75,-3.3386431840749884,1.59,-7.434658196775521,0.7128067016601562
000364.pcd,VRU_Adult,3.809212756156923,0.83,-15.717652511596679,0.75,-3.330713820457458,1.59,145.36034332649191,0.6505792737007141
000364.pcd,VRU_Adult_Using_Non-Motorized_Device/Prop_Other,25.586212793986007,0.97,-22.841625213623054,1.56,-3.2117415269215908,1.68,89.34798615982271,0.48924073576927185
000364.pcd,VRU_Adult,26.32677562420185,0.83,-25.903599225557766,0.75,-2.64139525248454,1.59,-73.17582195306733,0.4700446128845215
000365.pcd,VRU_Adult,11.266576506874786,0.83,3.513123035430907,0.75,-3.3404249494726,1.59,-2.9233125571027667,0.6414573788642883
000365.pcd,VRU_Adult,3.789888262748722,0.83,-15.689803600311281,0.75,-3.286004275083541,1.59,146.337352422872,0.6293993592262268
000365.pcd,VRU_Adult,26.129517449273003,0.83,-24.78656789991591,0.75,-2.7387009991539837,1.59,-73.04118051688329,0.46525493264198303
000365.pcd,VRU_Adult_Using_Non-Motorized_Device/Prop_Other,25.56673685709636,0.97,-22.74933115641277,1.56,-3.358976523081461,1.68,-91.99862712904866,0.4145350754261017
000366.pcd,VRU_Adult,11.250477870305387,0.83,3.504166801770525,0.75,-3.342247068881987,1.59,-4.467243075121759,0.7224342823028564
000366.pcd,VRU_Adult_Using_Non-Motorized_Device/Prop_Other,25.68367467607771,0.97,-22.738183157784608,1.56,-3.183259180613927,1.68,94.30463550960434,0.7197601199150085
000366.pcd,VRU_Adult,3.775482760535352,0.83,-15.69357543521457,0.75,-3.27845976087782,1.59,-25.667350061719123,0.5903823375701904
000367.pcd,VRU_Adult,11.26033201217652,0.83,3.5318122148513766,0.75,-3.3763231277465806,1.59,-2.0503717603308296,0.7383593320846558
000367.pcd,VRU_Adult_Using_Non-Motorized_Device/Prop_Other,25.71362686157227,0.97,-22.750635385513313,1.56,-3.180762529373169,1.68,96.00244173339658,0.6570504903793335
000367.pcd,VRU_Adult,3.8044083356857334,0.83,-15.718174457550052,0.75,-3.3255154848098734,1.59,144.50214890843012,0.5696133375167847
000368.pcd,VRU_Adult_Using_Non-Motorized_Device/Prop_Other,25.754836491176068,0.97,-22.708258492606035,1.56,-3.096659592219761,1.68,103.18746088064124,0.7655113339424133
000368.pcd,VRU_Adult,11.302436192830411,0.83,3.5208293000857025,0.75,-3.3461686571439095,1.59,1.9660473921275565,0.7117136120796204
000368.pcd,VRU_Adult,3.813816475868228,0.83,-15.72888851165772,0.75,-3.3285406589508044,1.59,141.78075729571432,0.5926167964935303
000369.pcd,VRU_Adult_Using_Non-Motorized_Device/Prop_Other,25.793187618255622,0.97,-22.710045099258426,1.56,-3.0903261899948125,1.68,101.73646056148098,0.7322450280189514
000369.pcd,VRU_Adult,11.23927160409781,0.83,3.5087541066683228,0.75,-3.3369501554048973,1.59,-6.385057052743468,0.7074310183525085
000369.pcd,VRU_Adult,3.7834738601337823,0.83,-15.754101233048873,0.75,-3.3792259909889903,1.59,160.45643238680742,0.63556307554245
000369.pcd,VRU_Adult,26.194285759559044,0.83,-24.0320970095121,0.75,-2.7658912356083194,1.59,-73.67453667731971,0.41399404406547546
000370.pcd,VRU_Adult,11.245591243108118,0.83,3.5311354398727417,0.75,-3.3641516367594395,1.59,-4.312241077153306,0.7445712089538574
000370.pcd,VRU_Adult,3.792648029327399,0.83,-15.716687488555909,0.75,-3.3247786283493035,1.59,-28.928286277265556,0.6588642597198486
000370.pcd,VRU_Adult_Using_Non-Motorized_Device/Prop_Other,25.83263047536215,0.97,-22.680445353190112,1.56,-3.1628109216690063,1.68,102.02199944197932,0.6214044094085693
000370.pcd,VRU_Adult_Using_Non-Motorized_Device/Prop_Other,26.028768338655173,0.97,-22.63038504751105,1.56,-2.8859106114036144,1.68,107.11650431562012,0.4498947560787201
000371.pcd,VRU_Adult,11.254318677462068,0.83,3.4978879781869727,0.75,-3.338241008611825,1.59,-4.894627978848904,0.7489745616912842
000371.pcd,VRU_Adult_Using_Non-Motorized_Device/Prop_Other,25.88918249947685,0.97,-22.654115404401516,1.56,-3.0918486458914627,1.68,-66.51439028263849,0.6346826553344727
000371.pcd,VRU_Adult,3.787096367941967,0.83,-15.69590981801351,0.75,-3.279937293794419,1.59,-25.58795233853295,0.5904359221458435
000372.pcd,VRU_Adult,11.25883992513021,0.83,3.5222732623418174,0.75,-3.36297716697057,1.59,-2.8308723543496903,0.6997280120849609
000372.pcd,VRU_Adult_Using_Non-Motorized_Device/Prop_Other,25.899588108062755,0.97,-22.617026805877696,1.56,-3.23240065574646,1.68,68.73282824485311,0.6569210886955261
000372.pcd,VRU_Adult,3.7888505723741384,0.83,-15.690157466464578,0.75,-3.2837045457628022,1.59,-23.364964740642613,0.6134359240531921
000372.pcd,VRU_Adult,26.496726608276372,0.83,-24.650380897521973,0.75,-2.739772325754165,1.59,-72.89907731479602,0.42389383912086487
000373.pcd,VRU_Adult,11.250848843501167,0.83,3.5142991542816144,0.75,-3.3340164514688335,1.59,-4.861367828308435,0.7277238965034485
000373.pcd,VRU_Adult,3.7622081366452362,0.83,-15.74883755770597,0.75,-3.37092993476174,1.59,-41.25573566222381,0.6673148274421692
000373.pcd,VRU_Adult_Using_Non-Motorized_Device/Prop_Other,25.985517024993907,0.97,-22.573211669921886,1.56,-3.0114588737487806,1.68,-85.39455313220105,0.6043611764907837
000373.pcd,VRU_Adult,26.696373572716347,0.83,-25.679342416616585,0.75,-2.610465077253487,1.59,-73.45674954569023,0.5080533623695374
000374.pcd,VRU_Adult,11.308665657043463,0.83,3.517901277542111,0.75,-3.3667605161666847,1.59,3.480003798642503,0.7015769481658936
000374.pcd,VRU_Adult,3.761352365667177,0.83,-15.724376505071467,0.75,-3.372217763553965,1.59,-26.080691587156764,0.6581071615219116
000374.pcd,VRU_Adult_Using_Non-Motorized_Device/Prop_Other,26.19988178071522,0.97,-22.64217776343936,1.56,-2.872255177724928,1.68,97.3362767276004,0.49604541063308716
000375.pcd,VRU_Adult,11.27927904129029,0.83,3.518881726264952,0.75,-3.346224617958068,1.59,-1.8944254653087906,0.6736456155776978
000375.pcd,VRU_Adult,3.8019851684570383,0.83,-15.722899246215823,0.75,-3.3309223651885973,1.59,142.62810621103225,0.6586788296699524
000375.pcd,VRU_Adult_Using_Non-Motorized_Device/Prop_Other,26.045509974161792,0.97,-22.64764404296876,1.56,-3.0870389143625903,1.68,-136.46096388341283,0.5292966961860657
000375.pcd,VRU_Adult,26.847604017991287,0.83,-25.826162631695087,0.75,-2.5881839990615823,1.59,-72.9264079383141,0.4586755931377411
000376.pcd,VRU_Adult,3.763570944468185,0.83,-15.691390355428066,0.75,-3.2777160273657895,1.59,-25.47180738348763,0.652096152305603
000376.pcd,VRU_Adult,11.23799067277175,0.83,3.5137126262371337,0.75,-3.3379858640524054,1.59,-8.052079998342979,0.6350032687187195
000376.pcd,VRU_Adult_Using_Non-Motorized_Device/Prop_Other,26.139005116053998,0.97,-22.613956451416023,1.56,-2.9876706600189213,1.68,92.9006276467931,0.4709257483482361
000377.pcd,VRU_Adult,11.271327712319119,0.83,3.5111904144287096,0.75,-3.3408288088711804,1.59,-1.5306900566579928,0.6269550919532776
000377.pcd,VRU_Adult,3.7973185910119014,0.83,-15.72290484110515,0.75,-3.336082961824204,1.59,-31.177059656497043,0.5696423649787903
000377.pcd,VRU_Adult_Using_Non-Motorized_Device/Prop_Other,26.180001894632984,0.97,-22.56814924875896,1.56,-2.9429520765940347,1.68,-72.50603578181625,0.5440822243690491
000378.pcd,VRU_Adult,11.23599008413462,0.83,3.5177847605485164,0.75,-3.3365106766040498,1.59,-8.073513977621648,0.6152238249778748
000378.pcd,VRU_Adult_Using_Non-Motorized_Device/Prop_Other,26.170073318481457,0.97,-22.624612045288096,1.56,-3.0672228336334233,1.68,-99.03643939951195,0.5989800095558167
000378.pcd,VRU_Adult,3.7949566245079085,0.83,-15.69938063621521,0.75,-3.286467045545577,1.59,-29.75200754423369,0.5697986483573914
000379.pcd,VRU_Adult_Using_Non-Motorized_Device/Prop_Other,26.273108800252285,0.97,-22.5805524190267,1.56,-3.019792927636041,1.68,96.49704808644115,0.6619381308555603
000379.pcd,VRU_Adult,11.19530244307085,0.83,3.5307536992159756,0.75,-3.3571450060064136,1.59,-10.086748921384988,0.6376528739929199
000379.pcd,VRU_Adult,3.815451312065131,0.83,-15.724697494506836,0.75,-3.3270801067352287,1.59,143.84615524084583,0.5814032554626465
000380.pcd,VRU_Adult,3.742530560493474,0.83,-15.712440490722656,0.75,-3.335301733016967,1.59,166.30368363361268,0.5771828889846802
000380.pcd,VRU_Adult_Using_Non-Motorized_Device/Prop_Other,26.302441914876308,0.97,-22.56830745273167,1.56,-3.080930285983616,1.68,-86.21493879058244,0.5469115972518921
000380.pcd,VRU_Adult,11.261675630296983,0.83,3.5013842753001607,0.75,-3.463937282562255,1.59,3.007141608362035,0.5014996528625488
000380.pcd,VRU_Adult_Using_Non-Motorized_Device/Prop_Other,26.42213835035052,0.97,-22.495889936174667,1.56,-2.778504984719411,1.68,-147.06638311187788,0.4010735750198364
000381.pcd,VRU_Adult_Using_Non-Motorized_Device/Prop_Other,26.34347171783448,0.97,-22.51605663299561,1.56,-3.0507070779800416,1.68,-91.09098326040186,0.6280316710472107
000381.pcd,VRU_Adult,3.832637892829051,0.83,-15.734293831719292,0.75,-3.3399890793694365,1.59,144.53036854727725,0.5828106999397278
000381.pcd,VRU_Adult,11.239227148202751,0.83,3.4954606753129203,0.75,-3.370609503525953,1.59,-9.678926633205219,0.5563514232635498
000381.pcd,VRU_Adult_Using_Non-Motorized_Device/Prop_Other,26.5386403799057,0.97,-22.433746576309204,1.56,-2.7509548813104616,1.68,-164.9672851930466,0.3667687177658081
000382.pcd,VRU_Adult_Using_Non-Motorized_Device/Prop_Other,26.387330315329816,0.97,-22.50005323236639,1.56,-3.1242445165460766,1.68,-89.73647966503574,0.5915299654006958
000382.pcd,VRU_Adult,11.269701697609646,0.83,3.5079961473291537,0.75,-3.3413470224900674,1.59,-4.1969666844092455,0.5321809649467468
000382.pcd,VRU_Adult,3.818470507860189,0.83,-15.72969961166382,0.75,-3.3508251607418043,1.59,-38.599437599201494,0.5268136262893677
000383.pcd,VRU_Adult_Using_Non-Motorized_Device/Prop_Other,26.40430148442587,0.97,-22.48542483647665,1.56,-3.090068976084392,1.68,-79.34819778720069,0.6695157289505005
000383.pcd,VRU_Adult,11.253102847508027,0.83,3.477134159633091,0.75,-3.3343258925846633,1.59,-12.552651632914937,0.5605881214141846
000383.pcd,VRU_Adult,3.745866332735337,0.83,-15.681669916425435,0.75,-3.289374181202478,1.59,-27.363602584201722,0.5451368689537048
000383.pcd,VRU_Adult_Using_Non-Motorized_Device/Prop_Other,26.56811412175497,0.97,-22.3897598584493,1.56,-2.801227172215778,1.68,1.1042274385915345,0.3264215290546417
000384.pcd,VRU_Adult,11.212543691907612,0.83,3.512055635452269,0.75,-3.344197903360638,1.59,-16.881976048868673,0.6969853639602661
000384.pcd,VRU_Adult_Using_Non-Motorized_Device/Prop_Other,26.449850797653205,0.97,-22.433064937591556,1.56,-3.1400246322155,1.68,93.48973512138205,0.6552556753158569
000384.pcd,VRU_Adult,3.8049540254804888,0.83,-15.717983563741054,0.75,-3.3363082938724085,1.59,-33.480436684741015,0.5733162760734558
000384.pcd,VRU_Adult_Using_Non-Motorized_Device/Prop_Other,26.584644794464115,0.97,-22.374789714813232,1.56,-2.791585266590117,1.68,-128.55656702446439,0.456866592168808
000385.pcd,VRU_Adult_Using_Non-Motorized_Device/Prop_Other,26.514575004577644,0.97,-22.421258735656743,1.56,-3.12020013332367,1.68,-104.54928765723253,0.7318661212921143
000385.pcd,VRU_Adult,11.240640493539665,0.83,3.505553355583776,0.75,-3.3365673652062044,1.59,-6.993937508224954,0.6823132038116455
000385.pcd,VRU_Adult,3.795840369330518,0.83,-15.70268079969618,0.75,-3.28153872489929,1.59,146.6428551382897,0.5669922232627869
000386.pcd,VRU_Adult_Using_Non-Motorized_Device/Prop_Other,26.453854969569623,0.97,-22.30794688633511,1.56,-3.210519177573068,1.68,103.54354488508275,0.6740036606788635
000386.pcd,VRU_Adult,11.25626784104568,0.83,3.4993555729205803,0.75,-3.3334273741795455,1.59,-1.5366857173418076,0.6467422246932983
000386.pcd,VRU_Adult,3.7769867844051856,0.83,-15.70414490169949,0.75,-3.2804179721408406,1.59,-29.312184513336405,0.6309278011322021
000386.pcd,VRU_Adult_Using_Non-Motorized_Device/Prop_Other,26.613325465809222,0.97,-22.346527099609375,1.56,-2.829713106155394,1.68,152.86324167073633,0.38965028524398804
000387.pcd,VRU_Adult_Using_Non-Motorized_Device/Prop_Other,26.497156461079925,0.97,-22.44854704538982,1.56,-3.054078539212545,1.68,-81.15861076186766,0.6928087472915649
000387.pcd,VRU_Adult,11.218998018900555,0.83,3.5124393463134758,0.75,-3.3590869426727292,1.59,-14.878557621275593,0.6641758680343628
000387.pcd,VRU_Adult,3.8325399822659025,0.83,-15.735941886901859,0.75,-3.3436345259348528,1.59,143.5924480468474,0.5631440877914429
000388.pcd,VRU_Adult,11.250785314119783,0.83,3.5108344554901096,0.75,-3.384293482853815,1.59,0.769826793163471,0.7390642166137695
000388.pcd,VRU_Adult_Using_Non-Motorized_Device/Prop_Other,26.524559020996104,0.97,-22.466655095418304,1.56,-3.1092549165089927,1.68,-57.48956586398011,0.7347928285598755
000388.pcd,VRU_Adult,3.7691361904144336,0.83,-15.724020385742188,0.75,-3.334084320068358,1.59,-22.485873435427663,0.5669390559196472
000388.pcd,VRU_Adult_Using_Non-Motorized_Device/Prop_Other,26.724469661712646,0.97,-22.408917268117268,1.56,-2.72764068841934,1.68,18.00103887668897,0.40904858708381653
000389.pcd,VRU_Adult_Using_Non-Motorized_Device/Prop_Other,26.552889347076423,0.97,-22.506382942199718,1.56,-3.2724795341491704,1.68,97.81664993713927,0.7379932403564453
000389.pcd,VRU_Adult,11.202445109685266,0.83,3.52186107635498,0.75,-3.3535219232241302,1.59,-13.692567661107436,0.652937114238739
000389.pcd,VRU_Adult,3.7922923862934192,0.83,-15.721380352973938,0.75,-3.352451354265212,1.59,-34.88369934902132,0.5854365825653076
000389.pcd,VRU_Adult_Using_Non-Motorized_Device/Prop_Other,26.738710267203196,0.97,-22.404779297964915,1.56,-2.8045536960874276,1.68,30.370232561061997,0.3407288193702698
000390.pcd,VRU_Adult_Using_Non-Motorized_Device/Prop_Other,26.57703065872193,0.97,-22.491068363189704,1.56,-3.3981875777244572,1.68,171.39198360815845,0.728070855140686
000390.pcd,VRU_Adult,11.244048485389127,0.83,3.502090490781342,0.75,-3.3899728701664844,1.59,-5.639382213493244,0.6341232061386108
000390.pcd,VRU_Adult,3.7852546109093606,0.83,-15.696792072719997,0.75,-3.28013491630554,1.59,-26.329963783269356,0.6301948428153992
000390.pcd,VRU_Adult_Using_Non-Motorized_Device/Prop_Other,26.783066304524745,0.97,-22.371754837036132,1.56,-2.8337985515594473,1.68,21.20349389316934,0.36446502804756165
000391.pcd,VRU_Adult,11.282655906677252,0.83,3.510433268547056,0.75,-3.3477836370468133,1.59,-0.1027898052419669,0.6708274483680725
000391.pcd,VRU_Adult,3.8008166684044773,0.83,-15.712555567423506,0.75,-3.283297459284463,1.59,-29.830862916485707,0.6056758165359497
000391.pcd,VRU_Adult,27.244791242811417,0.83,-24.707695007324226,0.75,-2.636713796191744,1.59,-74.33500926529368,0.40119031071662903
000392.pcd,VRU_Adult,11.233310185945953,0.83,3.507459347064677,0.75,-3.3868379042698775,1.59,-5.179930403449534,0.7178052663803101
000392.pcd,VRU_Adult,3.811393870247742,0.83,-15.7096610599094,0.75,-3.283506022559271,1.59,146.0903054280038,0.5946946144104004
000392.pcd,VRU_Adult_Using_Non-Motorized_Device/Prop_Other,26.842559467662465,0.97,-22.337093873457476,1.56,-2.932633118195966,1.68,30.09121165854831,0.4401964843273163
000393.pcd,VRU_Adult,11.200880130132044,0.83,3.5148967305819183,0.75,-3.352579096953073,1.59,-12.77173263320283,0.6496266722679138
000393.pcd,VRU_Adult,3.8052679432763066,0.83,-15.721251699659563,0.75,-3.336948050392998,1.59,-33.894351700236484,0.6155114769935608
000393.pcd,VRU_Adult_Using_Non-Motorized_Device/Prop_Other,26.84080973538486,0.97,-22.304162805730645,1.56,-2.814419399608264,1.68,45.624569855191695,0.3717065453529358
000394.pcd,VRU_Adult,11.23409073169415,0.83,3.5177917297069827,0.75,-3.379228133421677,1.59,1.6945360194894183,0.5857052803039551
000394.pcd,VRU_Adult,3.7713955044746443,0.83,-15.696233034133911,0.75,-3.2854676544666273,1.59,-24.358715235333666,0.5828895568847656
000394.pcd,VRU_Adult_Using_Non-Motorized_Device/Prop_Other,26.823590538718484,0.97,-22.32231955094771,1.56,-2.9058370590209943,1.68,48.63374245353325,0.3527317941188812
000395.pcd,VRU_Adult,11.205524224501394,0.83,3.50940706179692,0.75,-3.3343113935910726,1.59,-7.347352365812176,0.5334743857383728
000395.pcd,VRU_Adult,3.796876144409185,0.83,-15.710177993774414,0.75,-3.3242692232131943,1.59,-28.414188315410705,0.5157217383384705
000396.pcd,VRU_Adult_Using_Non-Motorized_Device/Prop_Other,26.60248374938966,0.97,-22.30238405863445,1.56,-3.572652578353882,1.68,120.23523452989048,0.6690932512283325
000396.pcd,VRU_Adult,11.216206477238586,0.83,3.518563949144804,0.75,-3.3243900812589198,1.59,-0.7715704362108147,0.5881108045578003
000396.pcd,VRU_Adult,3.787135056086954,0.83,-15.701225144522537,0.75,-3.295922688075472,1.59,149.93048282554275,0.47754406929016113
000397.pcd,VRU_Adult,11.206472483548257,0.83,3.5253679969093996,0.75,-3.3363756916739713,1.59,-3.264597428361485,0.6110284328460693
000397.pcd,VRU_Adult,3.7991792360941607,0.83,-15.703748067220053,0.75,-3.2816651397281213,1.59,-26.664492953938293,0.4920842945575714
