K_VisualCamera1: 1379.355063541943 0.0 952.8521943785312 0.0 1378.1788420760524 500.98257206400126 0.0 0.0 1.0
D_VisualCamera1: 0.0232262005128323 -0.0659941734421223 -0.0087761058810224 -0.00170373841579772 0.0339294006789556
K_VisualCamera2: 3605.914419134261 0.0 916.2057657540134 0.0 3602.2137139962065 497.2659052054789 0.0 0.0 1.0
D_VisualCamera2: 0.00178838977340676 0.317485148891913 -0.000339741395636631 0.00529615695300543 -5.50451658925027
K_VisualCamera3: 1424.229482591402 0.0 946.1961236449525 0.0 1422.7732771896244 539.5491618166768 0.0 0.0 1.0
D_VisualCamera3: -0.3689984329696525 0.2069948181617262 0.00036811408178148 -0.000358127993177086 -0.0846809155235961
K_VisualCamera4: 1401.6512392858776 0.0 964.3231422318747 0.0 1401.0757189118196 542.3931645023757 0.0 0.0 1.0
D_VisualCamera4: -0.354551268502596 0.177611946232389 6.62888621173313e-05 7.76429427837865e-05 -0.0581188638002429
K_VisualCamera5: 1832.27258594823 0.0 654.0625163716322 0.0 1831.8075285941836 313.9205528036591 0.0 0.0 1.0
D_VisualCamera5: -0.596164169546655 0.27973948649418434 0.00121851967971414 0.00149964809778085 0.1798087568817911
K_VisualCamera6: 1808.4470554010938 0.0 669.9835952622028 0.0 1809.707681147787 313.93812960114894 0.0 0.0 1.0
D_VisualCamera6: -0.564812686051625 0.17179727934183356 0.001959785994749396 -0.00170154778280522 0.2614596759732676
K_VisualCamera7: 1834.143437168731 0.0 643.1361389271093 0.0 1833.4486903055504 323.30805273704476 0.0 0.0 1.0
D_VisualCamera7: -0.60378036554541 0.39904354277779897 0.0017417750697297 -0.000361156538665597 -0.214672088914754
K_VisualCamera8: 1824.6028084455681 0.0 661.1287099909924 0.0 1821.0180014571772 315.55404873708585 0.0 0.0 1.0
D_VisualCamera8: -0.560614761079845 0.0138977246819924 0.003734647374057883 -0.00151870057313403 0.7157278965159518
K_ThermalCamera1: 439.27152217321037 0.0 324.4648811645216 0.0 439.819409568852 256.4672503064934 0.0 0.0 1.0
D_ThermalCamera1: -0.436156686396865 0.2113108471409037 -0.00061328513476786 -0.0010885573135869682 -0.0524832571253879
K_ThermalCamera2: 437.5685065037471 0.0 332.8504615559286 0.0 438.4066733043873 252.5146335282354 0.0 0.0 1.0
D_ThermalCamera2: -0.42404248598248684 0.19029380517353237 5.24978720005641e-05 -0.000232849715737355 -0.0418789245772402
K_ThermalCamera3: 447.160070017284 0.0 329.46584180226154 0.0 447.62820950817905 255.24520854005507 0.0 0.0 1.0
D_ThermalCamera3: -0.4313764741513284 0.19661075062653305 0.00019686735631812356 -0.00226868495328863 -0.0449874777680827
K_ThermalCamera4: 784.5553458104768 0.0 329.34279206602025 0.0 785.9903509152396 262.8210023581827 0.0 0.0 1.0
D_ThermalCamera4: -0.0368110482166574 0.339646464419341 0.00244103471694562 0.00301403689523727 0.10355939053696885
K_ThermalCamera5: 774.914622873747 0.0 323.46394787911686 0.0 776.0929285175982 258.88521835078456 0.0 0.0 1.0
D_ThermalCamera5: -0.0404478859119047 0.186483713254152 -0.000140283294135746 0.00319616643949616 0.501829011806336
T_VisualCamera1-VisualCamera5: 0.91108039 -0.16562823 0.37749147 -7.69394633 0.10821576 0.97971262 0.1686788 5.66861604 -0.39777113 -0.11282942 0.91052054 -18.75249016 0.0 0.0 0.0 1.0
T_VisualCamera2-VisualCamera4: 0.97342504 -0.03001012 -0.22703103 17.56899941 -0.0285214 0.96777036 -0.25021404 22.53646407 0.22722285 0.25003985 0.94119597 -56.88317317 0.0 0.0 0.0 1.0
T_VisualCamera2-VisualCamera7: 0.99936749 0.01940172 -0.02980255 6.06820497 -0.0241355 0.98553534 -0.16774255 17.47613798 0.02611697 0.16835575 0.98538025 -61.08055008 0.0 0.0 0.0 1.0
T_VisualCamera3-VisualCamera5: 0.58921023 0.10349911 -0.80132343 17.92011873 -0.18180662 0.98331163 -0.006677 -8.13772613 0.78725959 0.14962006 0.5981941 37.13921063 0.0 0.0 0.0 1.0
T_VisualCamera4-VisualCamera5: -0.99835421 -0.05304433 0.02179828 3.66588523 0.05423731 -0.99682057 0.05837006 -0.19848329 0.01863277 0.05945628 0.998057 1.88964166 0.0 0.0 0.0 1.0
T_VisualCamera4-VisualCamera6: 0.43516653 -0.29534204 0.85053111 -19.54663209 0.14418688 0.95533521 0.25796275 -3.34592384 -0.88872956 0.01037867 0.45831436 10.31098344 0.0 0.0 0.0 1.0
T_VisualCamera4-VisualCamera7: 0.979400182 0.000989703395 0.201926481 0.54937521 -0.017449848 0.996662012 0.0797517217 0.06705306 -0.201173523 -0.0816324371 0.976148226 -0.11281892 0.0 0.0 0.0 1.0
T_VisualCamera5-VisualCamera6: -0.56500312 0.184666 -0.80415791 16.58282659 -0.18815027 0.92011657 0.34348942 -5.70523743 0.80334983 0.34537512 -0.48512377 26.09866206 0.0 0.0 0.0 1.0
T_VisualCamera5-VisualCamera8: 0.7283813 -0.15583572 0.66721505 -19.14338072 0.19083725 0.98139949 0.02088504 -0.24694265 -0.65805914 0.11211721 0.74457229 0.95338222 0.0 0.0 0.0 1.0
T_VisualCamera6-VisualCamera7: 0.59598934 0.19474145 -0.7790202 21.02000661 -0.2325595 0.97042968 0.06467085 -1.97121445 0.76857842 0.14262542 0.62365472 8.84077545 0.0 0.0 0.0 1.0
T_VisualCamera7-VisualCamera8: -0.76272381 0.18211043 -0.62055473 13.43987948 -0.16290909 0.87449209 0.45686345 -7.69556712 0.6258698 0.44955464 -0.6373285 23.30077808 0.0 0.0 0.0 1.0
T_VisualCamera8-VisualCamera4: -0.60559133 -0.28383917 0.74343424 -11.15245028 0.2443179 0.8227888 0.51315432 -8.39103017 -0.75734266 0.4923961 -0.42892678 23.38983845 0.0 0.0 0.0 1.0
T_Lidar1_Lidar2: -0.918378 0.165086 -0.359624 28.4987 -0.169571 -0.985329 -0.0192793 -26.0743 -0.357531  0.0432762 0.932898 0.348447 0.0 0.0 0.0 1.0