R: -0.479199217872476 -0.876534240577657 0.0453413132292951 -0.182061077950546 0.0487314426887245 -0.982078922688478 0.858616255079003 -0.478866340003581 -0.182934837922366
T: -6.47030168701949 1.74394467226625 -2.37362779049082
delta_f: 0.000000e+00 0.000000e+00
delta_c: 0.000000e+00 0.000000e+00