R: -0.72014553312693030395763571505086 -0.63858657716003341953125982399797 -0.2712887660563223501952734295628 0.18354590217246127825667656452424 0.20173316277488329006928324815817 -0.96208868241578415769765797449509 0.66910485943013930931755339770461 -0.74263780842876225829485292706522 -0.028067286635837726538333924963808
T: -4.0256295972386642034734904882498 2.4327618585217183344582281279145 -2.7612440507097479880371793115046
delta_f: 0.000000e+00 0.000000e+00
delta_c: 0.000000e+00 0.000000e+00